0 0 0 0 0 0 0 0 0 0 0 0 0 0 0 0 0 0 0 0 0 0 0 0 0 0 0 0 0 0 0 0 0 0 0 0 0 0 0 0 0 0 0 0 0 0 0 0 0 0 0 0 0 0 0 0 0 0 0
0 0 0 0 0 2 2 2 2 2 2 2 0 0 0 0 0 0 0 0 2 2 2 2 2 2 2 0 0 0 0 0 2 2 2 2 2 2 2 0 0 0 0 0 0 0 0 2 2 2 2 2 2 2 0 0 0 0 0
0 0 0 0 0 2 2 0 2 2 2 2 0 0 0 0 0 0 0 0 2 2 2 2 0 2 2 0 0 0 0 0 2 2 0 2 2 2 2 0 0 0 0 0 0 0 0 2 2 2 2 0 2 2 0 0 0 0 0
0 0 0 0 0 2 0 0 2 2 2 2 0 0 0 0 0 0 0 0 2 2 2 2 0 0 2 2 2 2 2 2 2 0 0 2 2 2 2 0 0 0 0 0 0 0 0 2 2 2 2 0 0 2 0 0 0 0 0
0 0 0 0 0 2 2 2 2 2 2 2 0 0 0 0 0 0 0 0 2 2 2 2 2 2 2 0 0 2 0 0 2 2 2 2 2 2 2 0 0 0 0 0 0 0 0 2 2 2 2 2 2 2 0 0 0 0 0
0 0 0 0 0 0 0 0 2 2 2 2 2 2 2 0 0 2 2 2 2 2 2 2 0 0 0 2 2 2 0 0 0 0 0 2 2 2 2 2 2 2 0 0 2 2 2 2 2 2 2 0 0 0 0 0 0 0 0
0 0 0 0 0 0 0 0 0 2 2 0 0 2 2 0 0 2 2 0 0 2 2 0 0 0 0 0 0 2 0 0 0 0 0 0 2 2 0 0 2 2 0 0 2 2 0 0 2 2 0 0 0 0 0 0 0 0 0
0 0 0 0 0 0 0 0 0 0 2 2 2 2 2 0 0 2 2 2 2 2 0 0 0 0 0 2 2 2 0 0 0 0 0 0 0 2 2 2 2 2 0 0 2 2 2 2 2 0 0 0 0 0 0 0 0 0 0
0 0 0 0 0 0 0 0 0 0 0 2 2 2 2 0 0 2 2 2 2 0 0 0 0 0 0 0 0 2 0 0 0 0 0 0 0 0 2 2 2 2 0 0 2 2 2 2 0 0 0 0 0 0 0 0 0 0 0
0 0 0 0 0 0 0 0 0 0 0 0 2 2 2 0 0 2 2 2 0 2 0 2 0 2 0 2 2 2 2 2 0 2 0 2 0 0 0 2 2 2 0 0 2 2 2 0 0 0 0 0 0 0 0 0 0 0 0
0 0 0 0 0 0 0 0 0 0 0 0 0 2 2 0 0 2 2 0 0 2 0 2 0 2 0 2 2 2 2 2 0 2 0 2 0 2 0 0 2 2 0 0 2 2 0 0 0 0 0 0 0 0 0 0 0 0 0
0 0 0 0 0 0 0 0 0 0 0 0 0 2 2 2 2 2 2 2 2 2 2 2 2 2 2 2 2 3 2 2 2 2 2 2 2 2 2 2 2 2 2 2 2 2 0 0 0 0 0 0 0 0 0 0 0 0 0
0 0 0 0 0 0 0 0 0 0 0 0 0 2 2 0 0 2 2 0 0 0 0 0 0 0 0 2 2 2 2 2 0 0 0 0 0 0 0 0 2 2 0 0 2 2 0 0 0 0 0 0 0 0 0 0 0 0 0
0 0 0 0 0 0 0 0 0 0 0 0 2 2 2 0 0 2 2 2 0 0 0 0 0 0 0 2 2 2 2 2 0 0 0 0 0 0 0 2 2 2 0 0 2 2 2 0 0 0 0 0 0 0 0 0 0 0 0
0 0 0 0 0 0 0 0 0 0 0 2 2 2 2 0 0 2 2 2 2 0 0 0 0 0 0 0 0 2 0 0 0 0 0 0 0 0 2 2 2 2 0 0 2 2 2 2 0 0 0 0 0 0 0 0 0 0 0
0 0 0 0 0 0 0 0 0 0 2 2 2 2 2 0 0 2 2 2 2 2 0 0 0 0 0 2 2 2 0 0 0 0 0 0 0 2 2 2 2 2 0 0 2 2 2 2 2 0 0 0 0 0 0 0 0 0 0
0 0 0 0 0 0 0 0 0 2 2 0 0 2 2 0 0 2 2 0 0 2 2 0 0 0 0 0 0 2 0 0 0 0 0 0 2 2 0 0 2 2 0 0 2 2 0 0 2 2 0 0 0 0 0 0 0 0 0
0 0 0 0 0 0 0 0 2 2 2 2 2 2 2 0 0 2 2 2 2 2 2 2 0 0 0 2 2 2 0 0 0 0 0 2 2 2 2 2 2 2 0 0 2 2 2 2 2 2 2 0 0 0 0 0 0 0 0
0 0 0 0 0 2 2 2 2 2 2 2 0 0 0 0 0 0 0 0 2 2 2 2 2 2 2 0 0 2 0 0 2 2 2 2 2 2 2 0 0 0 0 0 0 0 0 2 2 2 2 2 2 2 0 0 0 0 0
0 0 0 0 0 2 0 0 2 2 2 2 0 0 0 0 0 0 0 0 2 2 2 2 0 0 2 2 2 2 2 2 2 0 0 2 2 2 2 0 0 0 0 0 0 0 0 2 2 2 2 0 0 2 0 0 0 0 0
0 0 0 0 0 2 2 0 2 2 2 2 0 0 0 0 0 0 0 0 2 2 2 2 0 2 2 0 0 0 0 0 2 2 0 2 2 2 2 0 0 0 0 0 0 0 0 2 2 2 2 0 2 2 0 0 0 0 0
0 0 0 0 0 2 2 2 2 2 2 2 0 0 0 0 0 0 0 0 2 2 2 2 2 2 2 0 0 0 0 0 2 2 2 2 2 2 2 0 0 0 0 0 0 0 0 2 2 2 2 2 2 2 0 0 0 0 0
0 0 0 0 0 0 0 0 0 0 0 0 0 0 0 0 0 0 0 0 0 0 0 0 0 0 0 0 0 0 0 0 0 0 0 0 0 0 0 0 0 0 0 0 0 0 0 0 0 0 0 0 0 0 0 0 0 0 0


Exploration result with time limit
time elapsed: 13.746894121170044
percentage of map explored: 0.13211382113821138

Exploration result with generator call limit
total calls to generator: 996042
percentage of map explored: 0.13211382113821138

0 0 0 0 0 0 0 0 0 0 0 0 0 0 0 0 0 0 0 0 0 0 0 0 0 0 0 0 0 0 0 0 0 0 0 0 0 0 0 0 0 0 0 0 0 0 0 0 0 0 0 0 0 0 0 0 0 0 0
0 0 0 0 0 2 2 2 2 2 2 2 0 0 0 0 0 0 0 0 2 2 2 2 2 2 2 0 0 0 0 0 2 2 2 2 2 2 2 0 0 0 0 0 0 0 0 2 2 2 2 2 2 2 0 0 0 0 0
0 0 0 0 0 2 2 0 2 2 2 2 0 0 0 0 0 0 0 0 2 2 2 2 0 2 2 0 0 0 0 0 2 2 0 2 2 2 2 0 0 0 0 0 0 0 0 2 2 2 2 0 2 2 0 0 0 0 0
0 0 0 0 0 2 0 0 2 2 2 2 0 0 0 0 0 0 0 0 2 2 2 2 0 0 2 2 2 2 2 2 2 0 0 2 2 2 2 0 0 0 0 0 0 0 0 2 2 2 2 0 0 2 0 0 0 0 0
0 0 0 0 0 2 2 2 2 2 2 2 0 0 0 0 0 0 0 0 2 2 2 2 2 2 2 0 0 2 0 0 2 2 2 2 2 2 2 0 0 0 0 0 0 0 0 2 2 2 2 2 2 2 0 0 0 0 0
0 0 0 0 0 0 0 0 2 2 2 2 2 2 2 0 0 2 2 2 2 2 2 2 0 0 0 2 2 2 0 0 0 0 0 2 2 2 2 2 2 2 0 0 2 2 2 2 2 2 2 0 0 0 0 0 0 0 0
0 0 0 0 0 0 0 0 0 2 2 0 0 2 2 0 0 2 2 0 0 2 2 0 0 0 0 0 0 2 0 0 0 0 0 0 2 2 0 0 2 2 0 0 2 2 0 0 2 2 0 0 0 0 0 0 0 0 0
0 0 0 0 0 0 0 0 0 0 2 2 2 2 2 0 0 2 2 2 2 2 0 0 0 0 0 2 2 2 0 0 0 0 0 0 0 2 2 2 2 2 0 0 2 2 2 2 2 0 0 0 0 0 0 0 0 0 0
0 0 0 0 0 0 0 0 0 0 0 2 2 2 2 0 0 2 2 2 2 0 0 0 0 0 0 0 0 2 0 0 0 0 0 0 0 0 2 2 2 2 0 0 2 2 2 2 0 0 0 0 0 0 0 0 0 0 0
0 0 0 0 0 0 0 0 0 0 0 0 2 2 2 0 0 2 2 2 0 2 0 2 0 2 0 2 2 2 2 2 0 2 0 2 0 0 0 2 2 2 0 0 2 2 2 0 0 0 0 0 0 0 0 0 0 0 0
0 0 0 0 0 0 0 0 0 0 0 0 0 2 2 0 0 2 2 0 0 2 0 2 0 2 0 2 2 2 2 2 0 2 0 2 0 2 0 0 2 2 0 0 2 2 0 0 0 0 0 0 0 0 0 0 0 0 0
0 0 0 0 0 0 0 0 0 0 0 0 0 2 2 2 2 2 2 2 2 2 2 2 2 2 2 2 2 3 2 2 2 2 2 2 2 2 2 2 2 2 2 2 2 2 0 0 0 0 0 0 0 0 0 0 0 0 0
0 0 0 0 0 0 0 0 0 0 0 0 0 2 2 0 0 2 2 0 0 0 0 0 0 0 0 2 2 2 2 2 0 0 0 0 0 0 0 0 2 2 0 0 2 2 0 0 0 0 0 0 0 0 0 0 0 0 0
0 0 0 0 0 0 0 0 0 0 0 0 2 2 2 0 0 2 2 2 0 0 0 0 0 0 0 2 2 2 2 2 0 0 0 0 0 0 0 2 2 2 0 0 2 2 2 0 0 0 0 0 0 0 0 0 0 0 0
0 0 0 0 0 0 0 0 0 0 0 2 2 2 2 0 0 2 2 2 2 0 0 0 0 0 0 0 0 2 0 0 0 0 0 0 0 0 2 2 2 2 0 0 2 2 2 2 0 0 0 0 0 0 0 0 0 0 0
0 0 0 0 0 0 0 0 0 0 2 2 2 2 2 0 0 2 2 2 2 2 0 0 0 0 0 2 2 2 0 0 0 0 0 0 0 2 2 2 2 2 0 0 2 2 2 2 2 0 0 0 0 0 0 0 0 0 0
0 0 0 0 0 0 0 0 0 2 2 0 0 2 2 0 0 2 2 0 0 2 2 0 0 0 0 0 0 2 0 0 0 0 0 0 2 2 0 0 2 2 0 0 2 2 0 0 2 2 0 0 0 0 0 0 0 0 0
0 0 0 0 0 0 0 0 2 2 2 2 2 2 2 0 0 2 2 2 2 2 2 2 0 0 0 2 2 2 0 0 0 0 0 2 2 2 2 2 2 2 0 0 2 2 2 2 2 2 2 0 0 0 0 0 0 0 0
0 0 0 0 0 2 2 2 2 2 2 2 0 0 0 0 0 0 0 0 2 2 2 2 2 2 2 0 0 2 0 0 2 2 2 2 2 2 2 0 0 0 0 0 0 0 0 2 2 2 2 2 2 2 0 0 0 0 0
0 0 0 0 0 2 0 0 2 2 2 2 0 0 0 0 0 0 0 0 2 2 2 2 0 0 2 2 2 2 2 2 2 0 0 2 2 2 2 0 0 0 0 0 0 0 0 2 2 2 2 0 0 2 0 0 0 0 0
0 0 0 0 0 2 2 0 2 2 2 2 0 0 0 0 0 0 0 0 2 2 2 2 0 2 2 0 0 0 0 0 2 2 0 2 2 2 2 0 0 0 0 0 0 0 0 2 2 2 2 0 2 2 0 0 0 0 0
0 0 0 0 0 2 2 2 2 2 2 2 0 0 0 0 0 0 0 0 2 2 2 2 2 2 2 0 0 0 0 0 2 2 2 2 2 2 2 0 0 0 0 0 0 0 0 2 2 2 2 2 2 2 0 0 0 0 0
0 0 0 0 0 0 0 0 0 0 0 0 0 0 0 0 0 0 0 0 0 0 0 0 0 0 0 0 0 0 0 0 0 0 0 0 0 0 0 0 0 0 0 0 0 0 0 0 0 0 0 0 0 0 0 0 0 0 0


Exploration result with time limit
time elapsed: 8.404362916946411
percentage of map explored: 0.13211382113821138

Exploration result with generator call limit
total calls to generator: 2805399
percentage of map explored: 0.13211382113821138

Exploration result with time limit
time elapsed: 27.67013192176819
percentage of map explored: 0.13211382113821138

Exploration result with generator call limit
total calls to generator: 3360561
percentage of map explored: 0.13211382113821138

Exploration result with time limit
time elapsed: 45.90807604789734
percentage of map explored: 0.13211382113821138

Exploration result with generator call limit
total calls to generator: 3908280
percentage of map explored: 0.13211382113821138

Exploration result with time limit
time elapsed: 45.9097421169281
percentage of map explored: 0.13211382113821138

Exploration result with generator call limit
total calls to generator: 4537124
percentage of map explored: 0.13211382113821138

Exploration result with time limit
time elapsed: 66.9666428565979
percentage of map explored: 0.13211382113821138

Exploration result with generator call limit
total calls to generator: 5165582
percentage of map explored: 0.13211382113821138

Exploration result with time limit
time elapsed: 66.96840500831604
percentage of map explored: 0.13211382113821138

Exploration result with generator call limit
total calls to generator: 6083436
percentage of map explored: 0.13211382113821138

Exploration result with time limit
time elapsed: 66.95660591125488
percentage of map explored: 0.13211382113821138

Exploration result with generator call limit
total calls to generator: 6998313
percentage of map explored: 0.13211382113821138

Exploration result with time limit
time elapsed: 66.98475074768066
percentage of map explored: 0.13211382113821138

Exploration result with generator call limit
total calls to generator: 7912036
percentage of map explored: 0.13211382113821138

