0 0 0 0 0 0 0 0 0 0 0 0 0 0 0 2 0 0 0 0 0 0 0 0 0 0 0 0 0 0 0
0 0 0 0 0 0 0 0 0 0 0 0 0 0 2 2 2 0 0 0 0 0 0 0 0 0 0 0 0 0 0
0 0 0 0 0 0 0 0 0 0 0 0 0 2 2 2 2 2 0 0 0 0 0 0 0 0 0 0 0 0 0
0 0 0 0 0 0 0 0 0 0 0 0 2 2 2 2 2 2 2 0 0 0 0 0 0 0 0 0 0 0 0
0 0 0 0 0 0 0 0 0 0 0 0 2 0 0 0 0 0 2 0 0 0 0 0 0 0 0 0 0 0 0
0 0 0 0 0 0 0 0 0 0 0 0 2 0 0 0 0 0 2 0 0 0 0 0 0 0 0 0 0 0 0
0 0 0 0 0 0 0 0 0 0 0 0 2 0 0 0 0 0 2 0 0 0 0 0 0 0 0 0 0 0 0
0 0 0 0 0 0 0 0 0 0 0 0 2 2 2 2 2 2 2 0 0 0 0 0 0 0 0 0 0 0 0
0 0 0 0 0 0 0 0 0 0 0 0 0 2 2 2 2 2 0 0 0 0 0 0 0 0 0 0 0 0 0
0 0 0 0 0 0 0 0 0 0 0 0 0 0 2 2 2 0 0 0 0 0 0 0 0 0 0 0 0 0 0
0 0 0 0 0 0 0 0 0 0 0 0 0 0 0 2 0 0 0 0 0 0 0 0 0 0 0 0 0 0 0
0 0 0 2 2 2 2 2 0 0 0 0 0 0 2 2 2 0 0 0 0 0 0 2 2 2 2 3 0 0 0
0 0 2 2 0 0 0 2 2 0 0 0 0 2 2 2 2 2 0 0 0 0 2 2 0 0 0 2 2 0 0
0 2 2 2 0 0 0 2 2 2 0 0 2 2 2 2 2 2 2 0 0 2 2 2 0 0 0 2 2 2 0
2 2 2 2 0 0 0 2 2 2 2 2 2 2 2 2 2 2 2 2 2 2 2 2 0 0 0 2 2 2 2
0 2 2 2 0 0 0 2 2 2 0 0 2 2 2 2 2 2 2 0 0 2 2 2 0 0 0 2 2 2 0
0 0 2 2 0 0 0 2 2 0 0 0 0 2 2 2 2 2 0 0 0 0 2 2 0 0 0 2 2 0 0
0 0 0 2 2 2 2 2 0 0 0 0 0 0 2 2 2 0 0 0 0 0 0 2 2 2 2 2 0 0 0
0 0 0 0 0 0 0 0 0 0 0 0 0 0 2 2 2 0 0 0 0 0 0 0 0 0 0 0 0 0 0
0 0 0 2 2 2 2 2 0 0 0 0 0 0 2 2 2 0 0 0 0 0 0 2 2 2 2 2 0 0 0
0 0 2 2 0 0 0 2 2 0 0 0 0 2 2 2 2 2 0 0 0 0 2 2 0 0 0 2 2 0 0
0 2 2 2 0 0 0 2 2 2 0 0 2 2 2 2 2 2 2 0 0 2 2 2 0 0 0 2 2 2 0
2 2 2 2 0 0 0 2 2 2 2 2 2 2 2 2 2 2 2 2 2 2 2 2 0 0 0 2 2 2 2
0 2 2 2 0 0 0 2 2 2 0 0 2 2 2 2 2 2 2 0 0 2 2 2 0 0 0 2 2 2 0
0 0 2 2 0 0 0 2 2 0 0 0 0 2 2 2 2 2 0 0 0 0 2 2 0 0 0 2 2 0 0
0 0 0 2 2 2 2 2 0 0 0 0 0 0 2 2 2 0 0 0 0 0 0 2 2 2 2 2 0 0 0
0 0 0 0 0 0 0 0 0 0 0 0 0 0 2 2 2 0 0 0 0 0 0 0 0 0 0 0 0 0 0
0 0 0 2 2 2 2 2 0 0 0 0 0 0 2 2 2 0 0 0 0 0 0 2 2 2 2 2 0 0 0
0 0 2 2 0 0 0 2 2 0 0 0 0 2 2 2 2 2 0 0 0 0 2 2 0 0 0 2 2 0 0
0 2 2 2 0 0 0 2 2 2 0 0 2 2 2 2 2 2 2 0 0 2 2 2 0 0 0 2 2 2 0
2 2 2 2 0 0 0 2 2 2 2 2 2 2 2 2 2 2 2 2 2 2 2 2 0 0 0 2 2 2 2
0 2 2 2 0 0 0 2 2 2 0 0 2 2 2 2 2 2 2 0 0 2 2 2 0 0 0 2 2 2 0
0 0 2 2 0 0 0 2 2 0 0 0 0 2 2 2 2 2 0 0 0 0 2 2 0 0 0 2 2 0 0
0 0 0 2 2 2 2 2 0 0 0 0 0 0 2 2 2 0 0 0 0 0 0 2 2 2 2 2 0 0 0
0 0 0 0 0 0 0 0 0 0 0 0 0 0 0 2 0 0 0 0 0 0 0 0 0 0 0 0 0 0 0
0 0 0 0 0 0 0 0 0 0 0 0 0 0 2 2 2 0 0 0 0 0 0 0 0 0 0 0 0 0 0
0 0 0 0 0 0 0 0 0 0 0 0 0 2 2 2 2 2 0 0 0 0 0 0 0 0 0 0 0 0 0
0 0 0 0 0 0 0 0 0 0 0 0 2 2 2 2 2 2 2 0 0 0 0 0 0 0 0 0 0 0 0
0 0 0 0 0 0 0 0 0 0 0 0 2 0 0 0 0 0 2 0 0 0 0 0 0 0 0 0 0 0 0
0 0 0 0 0 0 0 0 0 0 0 0 2 0 0 0 0 0 2 0 0 0 0 0 0 0 0 0 0 0 0
0 0 0 0 0 0 0 0 0 0 0 0 2 0 0 0 0 0 2 0 0 0 0 0 0 0 0 0 0 0 0
0 0 0 0 0 0 0 0 0 0 0 0 2 2 2 2 2 2 2 0 0 0 0 0 0 0 0 0 0 0 0
0 0 0 0 0 0 0 0 0 0 0 0 0 2 2 2 2 2 0 0 0 0 0 0 0 0 0 0 0 0 0
0 0 0 0 0 0 0 0 0 0 0 0 0 0 2 2 2 0 0 0 0 0 0 0 0 0 0 0 0 0 0
0 0 0 0 0 0 0 0 0 0 0 0 0 0 0 2 0 0 0 0 0 0 0 0 0 0 0 0 0 0 0


0 0 0 2 2 2 2 2 0 0 0
0 0 2 2 0 0 0 2 2 0 0
0 2 2 2 0 0 0 2 2 2 0
2 2 2 2 0 0 0 2 2 2 2
0 2 2 2 0 0 0 2 2 2 0
0 0 2 2 0 0 0 2 2 0 0
0 0 0 2 2 2 2 2 0 0 0


total # steps taken after each fragment
[22, 58, 95, 138, 175, 218, 254, 290]

total # calls to generator executed after each fragment
[504699, 504699, 994226, 994226, 994226, 994226, 994226, 994226]

total time taken to explore each fragment
[10.000271081924438, 10.002237558364868, 19.863702058792114, 19.865669012069702, 19.868668794631958, 19.871668338775635, 19.87466859817505, 19.876668691635132]

% of rooms explored after each fragment
[0.32084309133489464, 0.40046838407494145, 0.48009367681498827, 0.6206088992974239, 0.7002341920374707, 0.8407494145199064, 0.9203747072599532, 1.0]

