2 2 2 2 2 2 2 2 2 2 2 2 2
2 0 0 0 0 2 2 2 0 0 0 0 2
2 0 2 2 0 2 2 2 0 3 2 0 2
2 0 0 2 0 2 2 2 0 2 0 0 2
2 2 2 2 2 2 2 2 2 2 2 2 2
2 2 2 2 2 2 2 2 2 2 2 2 2
2 2 2 2 2 2 2 2 2 2 2 2 2
2 0 0 2 0 2 2 2 0 2 0 0 2
2 0 2 2 0 2 2 2 0 2 2 0 2
2 0 0 0 0 2 2 2 0 0 0 0 2
2 2 2 2 2 2 2 2 2 2 2 2 2


2 2 2 2 2
2 0 0 0 0
2 0 2 2 0
2 0 0 2 0
2 2 2 2 2


total # steps taken after each fragment
[20, 41, 65, 86]

total # rollouts executed after each fragment
[17000, 34000, 34000, 34000]

total time taken to explore each fragment
[2.544218063354492, 5.293920040130615, 5.294459104537964, 5.29480504989624]

% of rooms explored after each fragment
[0.794392523364486, 0.8878504672897196, 0.9813084112149533, 1.0]

