0 2 2 0 2 2 0 2 2 0
0 2 2 0 2 2 0 2 2 0
0 0 2 0 0 2 0 0 3 0
2 2 2 2 2 2 2 2 2 0
0 0 0 0 2 0 0 2 0 0
0 0 0 2 2 0 2 2 0 0
0 0 0 2 2 0 2 2 0 0


2 2 0
2 2 0
0 2 0


total # steps taken after each fragment
[4, 10, 15, 21, 25]

total # rollouts executed after each fragment
[1000, 1000, 1000, 1000, 1000]

% of rooms explored after each fragment
[0.4117647058823529, 0.5588235294117647, 0.7058823529411765, 0.8529411764705882, 0.9705882352941176]

0 2 2 0 2 2 0 2 2 0
0 2 2 0 2 2 0 2 2 0
0 0 2 0 0 2 0 0 3 0
2 2 2 2 2 2 2 2 2 0
0 0 0 0 2 0 0 2 0 0
0 0 0 2 2 0 2 2 0 0
0 0 0 2 2 0 2 2 0 0


2 2 0
2 2 0
0 2 0


total # steps taken after each fragment
[4, 10, 15, 21, 25]

total # rollouts executed after each fragment
[1000, 1000, 1000, 1000, 1000]

total time taken to explore each fragment
[0.015202045440673828, 0.015372037887573242, 0.015480995178222656, 0.015580892562866211, 0.01570296287536621]

% of rooms explored after each fragment
[0.4117647058823529, 0.5588235294117647, 0.7058823529411765, 0.8529411764705882, 0.9705882352941176]

