0 0 2 2 2 2 2 2 2 0 0 0 0 0 0 2 2 2 2 2 2 2 0 0 0 0 0 0 0
0 0 2 0 0 2 0 2 2 0 0 0 0 0 0 2 0 0 2 0 2 2 0 0 0 0 0 0 0
0 0 2 0 0 2 0 2 2 0 0 0 0 0 0 2 0 0 2 0 2 2 2 2 2 2 2 2 0
0 0 2 2 2 2 0 2 2 0 0 0 0 0 0 3 2 2 2 0 2 2 2 0 2 0 0 2 0
0 2 2 2 2 2 2 2 2 2 2 2 0 0 0 0 0 0 0 0 0 2 2 0 2 0 0 2 0
0 2 0 0 0 0 0 0 0 0 2 2 2 2 2 2 2 2 2 0 0 2 2 0 2 2 2 2 0
0 2 2 2 2 2 2 2 0 0 0 0 2 2 2 2 2 2 2 2 2 2 2 0 0 0 0 0 0
0 2 2 0 2 0 0 2 0 0 0 0 2 0 0 0 2 0 0 2 0 2 2 0 0 0 0 0 0
0 2 2 0 2 0 0 2 0 0 0 0 2 0 0 0 2 0 0 2 0 2 2 0 0 0 0 0 0
0 2 2 0 2 2 2 2 0 0 0 0 2 0 0 0 2 2 2 2 0 2 2 0 0 0 0 0 0
0 2 0 0 0 0 0 0 0 0 0 0 2 0 0 0 0 2 2 0 0 0 0 0 0 0 0 0 0
0 2 2 0 2 2 2 2 0 0 0 0 2 0 0 0 2 2 2 2 0 2 2 0 0 0 0 0 0
0 2 2 0 2 0 0 2 0 0 0 0 2 0 0 0 2 0 0 2 0 2 2 0 0 0 0 0 0
0 2 2 0 2 0 0 2 0 0 0 0 2 0 0 0 2 0 0 2 0 2 2 0 0 0 0 0 0
0 2 2 2 2 2 2 2 0 0 0 0 2 2 2 2 2 2 2 2 2 2 2 0 0 0 0 0 0


2 2 2 2 2 2 2
2 0 0 2 0 2 2
2 0 0 2 0 2 2
2 2 2 2 0 2 2


total # steps taken after each fragment
[9, 35, 56, 81, 95, 121, 141]

total # rollouts executed after each fragment
[8000, 20000, 28000, 38000, 49000, 49000, 59000]

total time taken to explore each fragment
[1.4762871265411377, 4.029573917388916, 5.517432928085327, 7.633304834365845, 9.8022620677948, 9.802823066711426, 11.860239028930664]

% of rooms explored after each fragment
[0.11413043478260869, 0.24456521739130435, 0.41304347826086957, 0.717391304347826, 0.8369565217391305, 0.9293478260869565, 1.0]
