0 0 0 0 0 0 0 0 0 0 0 0 0 0 0 0 0 0 0 0 0 0 0 0 0 0 0 0 0 0 0 0 0 0 0 0 0 0 0 0 0 0 0 0 0 0 0 0 0 0 0 0 0 0 0 0 0 0 0
0 0 0 0 0 2 2 2 2 2 2 2 0 0 0 0 0 0 0 0 2 2 2 2 2 2 2 0 0 0 0 0 2 2 2 2 2 2 2 0 0 0 0 0 0 0 0 2 2 2 2 2 2 2 0 0 0 0 0
0 0 0 0 0 2 2 0 2 2 2 2 0 0 0 0 0 0 0 0 2 2 2 2 0 2 2 0 0 0 0 0 2 2 0 2 2 2 2 0 0 0 0 0 0 0 0 2 2 2 2 0 2 2 0 0 0 0 0
0 0 0 0 0 2 0 0 2 2 2 2 0 0 0 0 0 0 0 0 2 2 2 2 0 0 2 2 2 2 2 2 2 0 0 2 2 2 2 0 0 0 0 0 0 0 0 2 2 2 2 0 0 2 0 0 0 0 0
0 0 0 0 0 2 2 2 2 2 2 2 0 0 0 0 0 0 0 0 2 2 2 2 2 2 2 0 0 2 0 0 2 2 2 2 2 2 2 0 0 0 0 0 0 0 0 2 2 2 2 2 2 2 0 0 0 0 0
0 0 0 0 0 0 0 0 2 2 2 2 2 2 2 0 0 2 2 2 2 2 2 2 0 0 0 2 2 2 0 0 0 0 0 2 2 2 2 2 2 2 0 0 2 2 2 2 2 2 2 0 0 0 0 0 0 0 0
0 0 0 0 0 0 0 0 0 2 2 0 0 2 2 0 0 2 2 0 0 2 2 0 0 0 0 0 0 2 0 0 0 0 0 0 2 2 0 0 2 2 0 0 2 2 0 0 2 2 0 0 0 0 0 0 0 0 0
0 0 0 0 0 0 0 0 0 0 2 2 2 2 2 0 0 2 2 2 2 2 0 0 0 0 0 2 2 2 0 0 0 0 0 0 0 2 2 2 2 2 0 0 2 2 2 2 2 0 0 0 0 0 0 0 0 0 0
0 0 0 0 0 0 0 0 0 0 0 2 2 2 2 0 0 2 2 2 2 0 0 0 0 0 0 0 0 2 0 0 0 0 0 0 0 0 2 2 2 2 0 0 2 2 2 2 0 0 0 0 0 0 0 0 0 0 0
0 0 0 0 0 0 0 0 0 0 0 0 2 2 2 0 0 2 2 2 0 2 0 2 0 2 0 2 2 2 2 2 0 2 0 2 0 0 0 2 2 2 0 0 2 2 2 0 0 0 0 0 0 0 0 0 0 0 0
0 0 0 0 0 0 0 0 0 0 0 0 0 2 2 0 0 2 2 0 0 2 0 2 0 2 0 2 2 2 2 2 0 2 0 2 0 2 0 0 2 2 0 0 2 2 0 0 0 0 0 0 0 0 0 0 0 0 0
0 0 0 0 0 0 0 0 0 0 0 0 0 2 2 2 2 2 2 2 2 2 2 2 2 2 2 2 2 2 2 2 2 2 2 2 2 2 2 2 2 2 2 2 2 2 0 0 0 0 0 0 0 0 0 0 0 0 0
0 0 0 0 0 0 0 0 0 0 0 0 0 2 2 0 0 2 2 0 0 0 0 0 0 0 0 2 2 2 2 2 0 0 0 0 0 0 0 0 2 2 0 0 2 2 0 0 0 0 0 0 0 0 0 0 0 0 0
0 0 0 0 0 0 0 0 0 0 0 0 2 2 2 0 0 2 2 2 0 0 0 0 0 0 0 2 2 2 2 2 0 0 0 0 0 0 0 2 2 2 0 0 2 2 2 0 0 0 0 0 0 0 0 0 0 0 0
0 0 0 0 0 0 0 0 0 0 0 2 2 2 2 0 0 2 2 2 2 0 0 0 0 0 0 0 0 2 0 0 0 0 0 0 0 0 2 2 2 2 0 0 2 2 2 2 0 0 0 0 0 0 0 0 0 0 0
0 0 0 0 0 0 0 0 0 0 2 2 2 2 2 0 0 2 2 2 2 2 0 0 0 0 0 2 2 2 0 0 0 0 0 0 0 2 2 2 2 2 0 0 2 2 2 2 2 0 0 0 0 0 0 0 0 0 0
0 0 0 0 0 0 0 0 0 2 2 0 0 2 2 0 0 2 2 0 0 2 2 0 0 0 0 0 0 2 0 0 0 0 0 0 2 2 0 0 2 2 0 0 2 2 0 0 2 2 0 0 0 0 0 0 0 0 0
0 0 0 0 0 0 0 0 2 2 2 2 2 2 2 0 0 2 2 2 2 2 2 2 0 0 0 2 2 2 0 0 0 0 0 2 2 2 2 2 2 2 0 0 2 2 2 2 2 2 2 0 0 0 0 0 0 0 0
0 0 0 0 0 2 2 2 2 2 2 2 0 0 0 0 0 0 0 0 2 2 2 2 2 2 2 0 0 2 0 0 2 2 2 2 2 2 2 0 0 0 0 0 0 0 0 2 2 2 2 2 2 2 0 0 0 0 0
0 0 0 0 0 2 0 0 2 2 2 2 0 0 0 0 0 0 0 0 2 2 2 2 0 0 2 2 2 2 2 2 2 0 0 2 2 2 2 0 0 0 0 0 0 0 0 2 2 2 2 0 0 2 0 0 0 0 0
0 0 0 0 0 2 2 0 2 2 2 2 0 0 0 0 0 0 0 0 2 2 2 2 0 2 2 0 0 0 0 0 2 2 0 2 2 2 2 0 0 0 0 0 0 0 0 2 2 2 2 0 2 2 0 0 0 0 0
0 0 0 0 0 3 2 2 2 2 2 2 0 0 0 0 0 0 0 0 2 2 2 2 2 2 2 0 0 0 0 0 2 2 2 2 2 2 2 0 0 0 0 0 0 0 0 2 2 2 2 2 2 2 0 0 0 0 0
0 0 0 0 0 0 0 0 0 0 0 0 0 0 0 0 0 0 0 0 0 0 0 0 0 0 0 0 0 0 0 0 0 0 0 0 0 0 0 0 0 0 0 0 0 0 0 0 0 0 0 0 0 0 0 0 0 0 0


2 2 2 2 2 2 2 0 0 0
2 2 0 2 2 2 2 0 0 0
2 0 0 2 2 2 2 0 0 0
2 2 2 2 2 2 2 0 0 0
0 0 0 2 2 2 2 2 2 2
0 0 0 0 2 2 0 0 2 2
0 0 0 0 0 2 2 2 2 2
0 0 0 0 0 0 2 2 2 2
0 0 0 0 0 0 0 2 2 2
0 0 0 0 0 0 0 0 2 2


total # steps taken after each fragment
[56, 82, 117, 152, 193, 229, 297, 333]

total # calls to generator executed after each fragment
[1275000, 1572970, 2095465, 2095465, 2405896, 2405896, 2405896, 2405896]

total time taken to explore each fragment
[3.1997509002685547, 11.305113792419434, 26.341663122177124, 26.344661712646484, 34.90998721122742, 34.91398525238037, 34.91898488998413, 34.92094683647156]

% of rooms explored after each fragment
[0.13617886178861788, 0.2703252032520325, 0.40447154471544716, 0.4817073170731707, 0.6178861788617886, 0.6951219512195121, 0.8313008130081301, 0.9085365853658537]

