0 0 0 0 0 0 0 0 0 0 0 0 0 0 0 2 0 0 0 0 0 0 0 0 0 0 0 0 0 0 0
0 0 0 0 0 0 0 0 0 0 0 0 0 0 2 2 2 0 0 0 0 0 0 0 0 0 0 0 0 0 0
0 0 0 0 0 0 0 0 0 0 0 0 0 2 2 2 2 2 0 0 0 0 0 0 0 0 0 0 0 0 0
0 0 0 0 0 0 0 0 0 0 0 0 2 2 2 2 2 2 2 0 0 0 0 0 0 0 0 0 0 0 0
0 0 0 0 0 0 0 0 0 0 0 0 2 0 0 0 0 0 2 0 0 0 0 0 0 0 0 0 0 0 0
0 0 0 0 0 0 0 0 0 0 0 0 2 0 0 0 0 0 2 0 0 0 0 0 0 0 0 0 0 0 0
0 0 0 0 0 0 0 0 0 0 0 0 2 0 0 0 0 0 2 0 0 0 0 0 0 0 0 0 0 0 0
0 0 0 0 0 0 0 0 0 0 0 0 2 2 2 2 2 2 2 0 0 0 0 0 0 0 0 0 0 0 0
0 0 0 0 0 0 0 0 0 0 0 0 0 2 2 2 2 2 0 0 0 0 0 0 0 0 0 0 0 0 0
0 0 0 0 0 0 0 0 0 0 0 0 0 0 2 2 2 0 0 0 0 0 0 0 0 0 0 0 0 0 0
0 0 0 0 0 0 0 0 0 0 0 0 0 0 0 2 0 0 0 0 0 0 0 0 0 0 0 0 0 0 0
0 0 0 2 2 2 2 2 0 0 0 0 0 0 2 2 2 0 0 0 0 0 0 2 2 2 2 2 0 0 0
0 0 2 2 0 0 0 2 2 0 0 0 0 2 2 2 2 2 0 0 0 0 2 2 0 0 0 2 2 0 0
0 2 2 2 0 0 0 2 2 2 0 0 2 2 2 2 2 2 2 0 0 2 2 2 0 0 0 2 2 2 0
2 2 2 2 0 0 0 2 2 2 2 2 2 2 2 2 2 2 2 2 2 2 2 2 0 0 0 2 2 2 2
0 2 2 2 0 0 0 2 2 2 0 0 2 2 2 2 2 2 2 0 0 2 2 2 0 0 0 2 2 2 0
0 0 2 2 0 0 0 2 2 0 0 0 0 2 2 2 2 2 0 0 0 0 2 2 0 0 0 2 2 0 0
0 0 0 2 2 2 2 2 0 0 0 0 0 0 2 2 2 0 0 0 0 0 0 2 2 2 2 2 0 0 0
0 0 0 0 0 0 0 0 0 0 0 0 0 0 2 2 2 0 0 0 0 0 0 0 0 0 0 0 0 0 0
0 0 0 2 2 2 2 2 0 0 0 0 0 0 2 2 2 0 0 0 0 0 0 2 2 2 2 2 0 0 0
0 0 2 2 0 0 0 2 2 0 0 0 0 2 2 2 2 2 0 0 0 0 2 2 0 0 0 2 2 0 0
0 2 2 2 0 0 0 2 2 2 0 0 2 2 2 2 2 2 2 0 0 2 2 2 0 0 0 2 2 2 0
2 2 2 2 0 0 0 2 2 2 2 2 2 2 2 2 2 2 2 2 2 2 2 2 0 0 0 2 2 2 2
0 2 2 2 0 0 0 2 2 2 0 0 2 2 2 2 2 2 2 0 0 2 2 2 0 0 0 2 2 2 0
0 0 2 2 0 0 0 2 2 0 0 0 0 2 2 2 2 2 0 0 0 0 2 2 0 0 0 2 2 0 0
0 0 0 2 2 2 2 2 0 0 0 0 0 0 2 2 2 0 0 0 0 0 0 2 2 2 2 2 0 0 0
0 0 0 0 0 0 0 0 0 0 0 0 0 0 2 2 2 0 0 0 0 0 0 0 0 0 0 0 0 0 0
0 0 0 2 2 2 2 2 0 0 0 0 0 0 2 2 2 0 0 0 0 0 0 2 2 2 2 2 0 0 0
0 0 2 2 0 0 0 2 2 0 0 0 0 2 2 2 2 2 0 0 0 0 2 2 0 0 0 2 2 0 0
0 2 2 2 0 0 0 2 2 2 0 0 2 2 2 2 2 2 2 0 0 2 2 2 0 0 0 2 2 2 0
2 2 2 2 0 0 0 2 2 2 2 2 2 2 2 3 2 2 2 2 2 2 2 2 0 0 0 2 2 2 2
0 2 2 2 0 0 0 2 2 2 0 0 2 2 2 2 2 2 2 0 0 2 2 2 0 0 0 2 2 2 0
0 0 2 2 0 0 0 2 2 0 0 0 0 2 2 2 2 2 0 0 0 0 2 2 0 0 0 2 2 0 0
0 0 0 2 2 2 2 2 0 0 0 0 0 0 2 2 2 0 0 0 0 0 0 2 2 2 2 2 0 0 0
0 0 0 0 0 0 0 0 0 0 0 0 0 0 0 2 0 0 0 0 0 0 0 0 0 0 0 0 0 0 0
0 0 0 0 0 0 0 0 0 0 0 0 0 0 2 2 2 0 0 0 0 0 0 0 0 0 0 0 0 0 0
0 0 0 0 0 0 0 0 0 0 0 0 0 2 2 2 2 2 0 0 0 0 0 0 0 0 0 0 0 0 0
0 0 0 0 0 0 0 0 0 0 0 0 2 2 2 2 2 2 2 0 0 0 0 0 0 0 0 0 0 0 0
0 0 0 0 0 0 0 0 0 0 0 0 2 0 0 0 0 0 2 0 0 0 0 0 0 0 0 0 0 0 0
0 0 0 0 0 0 0 0 0 0 0 0 2 0 0 0 0 0 2 0 0 0 0 0 0 0 0 0 0 0 0
0 0 0 0 0 0 0 0 0 0 0 0 2 0 0 0 0 0 2 0 0 0 0 0 0 0 0 0 0 0 0
0 0 0 0 0 0 0 0 0 0 0 0 2 2 2 2 2 2 2 0 0 0 0 0 0 0 0 0 0 0 0
0 0 0 0 0 0 0 0 0 0 0 0 0 2 2 2 2 2 0 0 0 0 0 0 0 0 0 0 0 0 0
0 0 0 0 0 0 0 0 0 0 0 0 0 0 2 2 2 0 0 0 0 0 0 0 0 0 0 0 0 0 0
0 0 0 0 0 0 0 0 0 0 0 0 0 0 0 2 0 0 0 0 0 0 0 0 0 0 0 0 0 0 0


Exploration result with time limit
time elapsed: 19.898932218551636
percentage of map explored: 0.24121779859484777

Exploration result with generator call limit
total calls to generator: 994646
percentage of map explored: 0.24121779859484777

