0 0 2 2 2 2 2 2 2 0 0 0 0 0 0 2 2 2 2 2 2 2 0 0 0 0 0 0 0
0 0 2 0 0 2 0 2 2 0 0 0 0 0 0 2 0 0 2 0 2 2 0 0 0 0 0 0 0
0 0 2 0 0 2 0 2 2 0 0 0 0 0 0 2 0 0 2 0 2 2 2 2 2 2 2 2 0
0 0 2 2 2 2 0 2 2 0 0 0 0 0 0 2 2 2 2 0 2 2 2 0 2 0 0 2 0
0 2 2 2 2 2 2 2 2 2 2 2 0 0 0 0 0 0 0 0 0 2 2 0 2 0 0 2 0
0 2 0 0 0 0 0 0 0 0 2 2 2 2 2 2 2 2 2 0 0 2 2 0 2 2 2 2 0
0 2 2 2 2 2 2 2 0 0 0 0 2 2 2 2 2 2 2 2 2 2 2 0 0 0 0 0 0
0 2 2 0 2 0 0 2 0 0 0 0 2 0 0 0 2 0 0 2 0 2 2 0 0 0 0 0 0
0 2 2 0 2 0 0 2 0 0 0 0 2 0 0 0 2 0 0 2 0 2 2 0 0 0 0 0 0
0 2 2 0 2 2 2 2 0 0 0 0 2 0 0 0 2 2 2 2 0 2 2 0 0 0 0 0 0
0 2 0 0 0 0 0 0 0 0 0 0 2 0 0 0 0 2 2 0 0 0 0 0 0 0 0 0 0
0 2 2 0 2 2 2 2 0 0 0 0 2 0 0 0 2 2 2 2 0 2 2 0 0 0 0 0 0
0 2 2 0 2 0 0 2 0 0 0 0 2 0 0 0 2 0 0 2 0 2 2 0 0 0 0 0 0
0 2 2 0 2 0 0 2 0 0 0 0 2 0 0 0 2 0 0 2 0 2 2 0 0 0 0 0 0
0 2 3 2 2 2 2 2 0 0 0 0 2 2 2 2 2 2 2 2 2 2 2 0 0 0 0 0 0


Exploration result with time limit
time elapsed: 13.713345050811768
percentage of map explored: 0.10869565217391304

Exploration result with generator call limit
total calls to generator: 995978
percentage of map explored: 0.10869565217391304

