0 0 2 2 2 2 2 2 2 0 0 0 0 0 0 2 2 2 2 2 2 2 0 0 0 0 0 0 0
0 0 2 0 0 2 0 2 2 0 0 0 0 0 0 2 0 0 2 0 2 2 0 0 0 0 0 0 0
0 0 2 0 0 2 0 2 2 0 0 0 0 0 0 2 0 0 2 0 2 2 2 2 2 2 2 2 0
0 0 2 2 2 2 0 2 2 0 0 0 0 0 0 2 2 2 2 0 2 2 2 0 2 0 0 2 0
0 2 2 2 2 2 2 2 2 2 2 2 0 0 0 0 0 0 0 0 0 2 2 0 2 0 0 2 0
0 2 0 0 0 0 0 0 0 0 2 2 2 2 2 2 2 2 2 0 0 2 2 0 2 2 2 2 0
0 2 2 2 2 2 2 2 0 0 0 0 2 2 2 2 2 2 2 2 2 2 2 0 0 0 0 0 0
0 2 2 0 2 0 0 2 0 0 0 0 2 0 0 0 2 0 0 2 0 2 2 0 0 0 0 0 0
0 2 2 0 2 0 0 2 0 0 0 0 2 0 0 0 2 0 0 2 0 2 2 0 0 0 0 0 0
0 2 2 0 2 2 2 2 0 0 0 0 2 0 0 0 2 2 2 2 0 2 2 0 0 0 0 0 0
0 2 0 0 0 0 0 0 0 0 0 0 2 0 0 0 0 2 2 0 0 0 0 0 0 0 0 0 0
0 2 2 0 2 2 2 2 0 0 0 0 2 0 0 0 2 2 2 2 0 2 2 0 0 0 0 0 0
0 2 2 0 2 0 0 2 0 0 0 0 2 0 0 0 2 0 0 2 0 2 2 0 0 0 0 0 0
0 2 2 0 2 0 0 2 0 0 0 0 2 0 0 0 2 0 0 2 0 2 2 0 0 0 0 0 0
0 2 3 2 2 2 2 2 0 0 0 0 2 2 2 2 2 2 2 2 2 2 2 0 0 0 0 0 0


Exploration result with time limit
time elapsed: 13.603036880493164
percentage of map explored: 0.15217391304347827

Exploration result with generator call limit
total calls to generator: 964286
percentage of map explored: 0.15217391304347827

