0 0 0 0 0 0 0 0 0 0 0 0 0 0 0 2 0 0 0 0 0 0 0 0 0 0 0 0 0 0 0
0 0 0 0 0 0 0 0 0 0 0 0 0 0 2 2 2 0 0 0 0 0 0 0 0 0 0 0 0 0 0
0 0 0 0 0 0 0 0 0 0 0 0 0 2 2 2 2 2 0 0 0 0 0 0 0 0 0 0 0 0 0
0 0 0 0 0 0 0 0 0 0 0 0 2 2 2 2 2 2 2 0 0 0 0 0 0 0 0 0 0 0 0
0 0 0 0 0 0 0 0 0 0 0 0 2 0 0 0 0 0 2 0 0 0 0 0 0 0 0 0 0 0 0
0 0 0 0 0 0 0 0 0 0 0 0 2 0 0 0 0 0 2 0 0 0 0 0 0 0 0 0 0 0 0
0 0 0 0 0 0 0 0 0 0 0 0 2 0 0 0 0 0 2 0 0 0 0 0 0 0 0 0 0 0 0
0 0 0 0 0 0 0 0 0 0 0 0 2 2 2 2 2 2 2 0 0 0 0 0 0 0 0 0 0 0 0
0 0 0 0 0 0 0 0 0 0 0 0 0 2 2 2 2 2 0 0 0 0 0 0 0 0 0 0 0 0 0
0 0 0 0 0 0 0 0 0 0 0 0 0 0 2 2 2 0 0 0 0 0 0 0 0 0 0 0 0 0 0
0 0 0 0 0 0 0 0 0 0 0 0 0 0 0 2 0 0 0 0 0 0 0 0 0 0 0 0 0 0 0
0 0 0 2 2 2 2 2 0 0 0 0 0 0 2 2 2 0 0 0 0 0 0 2 2 2 2 3 0 0 0
0 0 2 2 0 0 0 2 2 0 0 0 0 2 2 2 2 2 0 0 0 0 2 2 0 0 0 2 2 0 0
0 2 2 2 0 0 0 2 2 2 0 0 2 2 2 2 2 2 2 0 0 2 2 2 0 0 0 2 2 2 0
2 2 2 2 0 0 0 2 2 2 2 2 2 2 2 2 2 2 2 2 2 2 2 2 0 0 0 2 2 2 2
0 2 2 2 0 0 0 2 2 2 0 0 2 2 2 2 2 2 2 0 0 2 2 2 0 0 0 2 2 2 0
0 0 2 2 0 0 0 2 2 0 0 0 0 2 2 2 2 2 0 0 0 0 2 2 0 0 0 2 2 0 0
0 0 0 2 2 2 2 2 0 0 0 0 0 0 2 2 2 0 0 0 0 0 0 2 2 2 2 2 0 0 0
0 0 0 0 0 0 0 0 0 0 0 0 0 0 2 2 2 0 0 0 0 0 0 0 0 0 0 0 0 0 0
0 0 0 2 2 2 2 2 0 0 0 0 0 0 2 2 2 0 0 0 0 0 0 2 2 2 2 2 0 0 0
0 0 2 2 0 0 0 2 2 0 0 0 0 2 2 2 2 2 0 0 0 0 2 2 0 0 0 2 2 0 0
0 2 2 2 0 0 0 2 2 2 0 0 2 2 2 2 2 2 2 0 0 2 2 2 0 0 0 2 2 2 0
2 2 2 2 0 0 0 2 2 2 2 2 2 2 2 2 2 2 2 2 2 2 2 2 0 0 0 2 2 2 2
0 2 2 2 0 0 0 2 2 2 0 0 2 2 2 2 2 2 2 0 0 2 2 2 0 0 0 2 2 2 0
0 0 2 2 0 0 0 2 2 0 0 0 0 2 2 2 2 2 0 0 0 0 2 2 0 0 0 2 2 0 0
0 0 0 2 2 2 2 2 0 0 0 0 0 0 2 2 2 0 0 0 0 0 0 2 2 2 2 2 0 0 0
0 0 0 0 0 0 0 0 0 0 0 0 0 0 2 2 2 0 0 0 0 0 0 0 0 0 0 0 0 0 0
0 0 0 2 2 2 2 2 0 0 0 0 0 0 2 2 2 0 0 0 0 0 0 2 2 2 2 2 0 0 0
0 0 2 2 0 0 0 2 2 0 0 0 0 2 2 2 2 2 0 0 0 0 2 2 0 0 0 2 2 0 0
0 2 2 2 0 0 0 2 2 2 0 0 2 2 2 2 2 2 2 0 0 2 2 2 0 0 0 2 2 2 0
2 2 2 2 0 0 0 2 2 2 2 2 2 2 2 2 2 2 2 2 2 2 2 2 0 0 0 2 2 2 2
0 2 2 2 0 0 0 2 2 2 0 0 2 2 2 2 2 2 2 0 0 2 2 2 0 0 0 2 2 2 0
0 0 2 2 0 0 0 2 2 0 0 0 0 2 2 2 2 2 0 0 0 0 2 2 0 0 0 2 2 0 0
0 0 0 2 2 2 2 2 0 0 0 0 0 0 2 2 2 0 0 0 0 0 0 2 2 2 2 2 0 0 0
0 0 0 0 0 0 0 0 0 0 0 0 0 0 0 2 0 0 0 0 0 0 0 0 0 0 0 0 0 0 0
0 0 0 0 0 0 0 0 0 0 0 0 0 0 2 2 2 0 0 0 0 0 0 0 0 0 0 0 0 0 0
0 0 0 0 0 0 0 0 0 0 0 0 0 2 2 2 2 2 0 0 0 0 0 0 0 0 0 0 0 0 0
0 0 0 0 0 0 0 0 0 0 0 0 2 2 2 2 2 2 2 0 0 0 0 0 0 0 0 0 0 0 0
0 0 0 0 0 0 0 0 0 0 0 0 2 0 0 0 0 0 2 0 0 0 0 0 0 0 0 0 0 0 0
0 0 0 0 0 0 0 0 0 0 0 0 2 0 0 0 0 0 2 0 0 0 0 0 0 0 0 0 0 0 0
0 0 0 0 0 0 0 0 0 0 0 0 2 0 0 0 0 0 2 0 0 0 0 0 0 0 0 0 0 0 0
0 0 0 0 0 0 0 0 0 0 0 0 2 2 2 2 2 2 2 0 0 0 0 0 0 0 0 0 0 0 0
0 0 0 0 0 0 0 0 0 0 0 0 0 2 2 2 2 2 0 0 0 0 0 0 0 0 0 0 0 0 0
0 0 0 0 0 0 0 0 0 0 0 0 0 0 2 2 2 0 0 0 0 0 0 0 0 0 0 0 0 0 0
0 0 0 0 0 0 0 0 0 0 0 0 0 0 0 2 0 0 0 0 0 0 0 0 0 0 0 0 0 0 0


0 0 0 2 2 2 2 2 0 0 0
0 0 2 2 0 0 0 2 2 0 0
0 2 2 2 0 0 0 2 2 2 0
2 2 2 2 0 0 0 2 2 2 2
0 2 2 2 0 0 0 2 2 2 0
0 0 2 2 0 0 0 2 2 0 0
0 0 0 2 2 2 2 2 0 0 0


total # steps taken after each fragment
[21, 56, 92, 134, 170, 212, 247, 282]

total # calls to generator executed after each fragment
[292584, 292584, 585222, 585222, 585222, 585222, 585222, 585222]

total time taken to explore each fragment
[6.355162620544434, 6.3571624755859375, 12.936012029647827, 12.939979076385498, 12.943998575210571, 12.947973728179932, 12.953972816467285, 12.95702600479126]

% of rooms explored after each fragment
[0.32084309133489464, 0.40046838407494145, 0.48009367681498827, 0.6206088992974239, 0.7002341920374707, 0.8407494145199064, 0.9203747072599532, 1.0]
