1 1 0 0 1 1 0 0 0
1 1 0 0 1 1 0 0 0
0 1 0 0 0 1 0 0 0
1 1 1 1 1 1 1 1 1
0 0 0 1 0 0 0 1 0
0 0 0 1 1 0 0 1 1
0 0 0 1 1 0 0 1 1


Exploration result with generator call limit
agent_path:
[(3, 0), (3, 1), (2, 1), (2, 1), (1, 1), (1, 1), (2, 1), (2, 1), (3, 1), (3, 2), (3, 3), (4, 3), (4, 3), (5, 3), (5, 3), (4, 3), (4, 3), (3, 3), (3, 4), (3, 5), (2, 5), (2, 5), (1, 5), (1, 5), (2, 5), (2, 5), (3, 5), (3, 6), (3, 7), (4, 7), (4, 7), (5, 7), (5, 7), (4, 7)]

checkpoints:
[3, 5, 7, 12, 14, 16, 21, 23, 25, 30, 32, 34]

escape_rollout_checkpoints:
[10055, 20045, 30267, 40348]

pomcp_rollout_checkpoints:
[0, 0, 0, 0]

bridge_rollout_checkpoints:
[35778, 122675, 209392, 299246]

bridge_time_checkpoints:
[0.4079880714416504, 0.844106912612915, 0.8928549289703369, 0.8533859252929688]

fragment_time_checkpoints:
[0.013995885848999023, 0.01424098014831543, 0.014115095138549805, 0.014174938201904297]

escape_time_checkpoints:
[0.012625932693481445, 0.013835906982421875, 0.01256108283996582, 0.013351917266845703]

observed amount:
[0.41379310344827586, 0.4827586206896552, 0.4827586206896552, 0.5862068965517241, 0.6551724137931034, 0.6551724137931034, 0.7586206896551724, 0.8275862068965517, 0.8275862068965517, 0.9310344827586207, 1.0, 1.0]

TOTAL time across fragment+bridge+escape: 3.1072375774383545
TOTAL rollouts across fragment+bridge+escape: 767806
