1 1 1 1 1 1 1 1 1 1 1 1 1
1 0 0 0 0 1 1 1 0 0 0 0 1
1 0 1 1 0 1 1 1 0 1 1 0 1
1 0 0 1 0 1 1 1 0 1 0 0 1
1 1 1 1 1 1 1 1 1 1 1 1 1
1 1 1 1 1 1 1 1 1 1 1 1 1
1 1 1 1 1 1 1 1 1 1 1 1 1
1 0 0 1 0 1 1 1 0 1 0 0 1
1 0 1 1 0 1 1 1 0 1 1 0 1
1 0 0 0 0 1 1 1 0 0 0 0 1
1 1 1 1 1 1 1 1 1 1 1 1 1


Exploration result with generator call limit
agent_path:
[(5, 5), (5, 4), (5, 3), (4, 3), (4, 3), (4, 2), (4, 1), (4, 0), (3, 0), (2, 0), (1, 0), (0, 0), (0, 0), (0, 0), (0, 0), (1, 0), (1, 0), (1, 0), (2, 0), (3, 0), (4, 0), (4, 1), (4, 2), (4, 3), (3, 3), (2, 3), (2, 3), (3, 3), (4, 3), (4, 3), (5, 3), (6, 3), (6, 3), (6, 2), (6, 1), (6, 0), (7, 0), (8, 0), (9, 0), (10, 0), (10, 0), (9, 0), (8, 0), (7, 0), (6, 0), (6, 1), (6, 2), (6, 3), (7, 3), (8, 3), (8, 3), (7, 3), (6, 3), (6, 3), (6, 4), (6, 5), (6, 6), (6, 7), (6, 8), (6, 8), (6, 9), (6, 10), (6, 11), (6, 12), (7, 12), (8, 12), (9, 12), (10, 12), (9, 12), (8, 12), (7, 12), (6, 12), (6, 11), (6, 10), (6, 9), (7, 9), (8, 9), (8, 9), (7, 9), (6, 9), (6, 9), (5, 9), (4, 9), (4, 9), (4, 10), (4, 11), (4, 12), (3, 12), (2, 12), (1, 12), (0, 12), (0, 12), (1, 12), (2, 12), (3, 12), (4, 12), (4, 11), (4, 10), (4, 9), (3, 9), (2, 9), (2, 9), (3, 9), (4, 9)]

checkpoints:
[4, 26, 29, 32, 50, 53, 59, 77, 80, 83, 101, 104]

escape_rollout_checkpoints:
[7080, 13744, 20925, 42922]

pomcp_rollout_checkpoints:
[0, 0, 0, 0]

bridge_rollout_checkpoints:
[79588, 171907, 485515, 581056]

bridge_time_checkpoints:
[3.978843927383423, 2.7453651428222656, 9.94237208366394, 2.740549087524414]

fragment_time_checkpoints:
[2.6672921180725098, 2.027874231338501, 2.031437873840332, 2.1445791721343994]

escape_time_checkpoints:
[0.007442951202392578, 0.006872653961181641, 0.007706880569458008, 0.02890491485595703]

observed amount:
[0.6261682242990654, 0.794392523364486, 0.794392523364486, 0.794392523364486, 0.8878504672897196, 0.8878504672897196, 0.8878504672897196, 0.9906542056074766, 0.9906542056074766, 0.9906542056074766, 1.0, 1.0]

TOTAL time across fragment+bridge+escape: 28.329241037368774
TOTAL rollouts across fragment+bridge+escape: 1402737
