2 0 0 0 0 2 0 2
2 2 2 2 2 2 2 2
2 0 0 0 0 0 0 0
2 0 0 0 0 2 0 2
2 2 2 2 2 2 2 2
2 0 0 0 0 0 0 0
2 0 0 0 0 2 0 2
2 2 2 2 2 2 2 2
2 0 0 0 0 0 0 0


Exploration result with generator call limit
agent_path:
[(8, 0), (7, 0), (7, 1), (7, 1), (7, 2), (7, 3), (7, 4), (7, 5), (7, 6), (7, 7), (7, 7), (7, 6), (7, 5), (7, 4), (7, 3), (7, 2), (7, 1), (7, 1), (7, 0), (6, 0), (5, 0), (4, 0), (4, 1), (4, 1), (4, 2), (4, 3), (4, 4), (4, 5), (4, 6), (4, 7), (4, 7), (4, 6), (4, 5), (4, 4), (4, 3), (4, 2), (4, 1), (4, 1), (4, 0), (3, 0), (2, 0), (1, 0), (1, 1), (1, 1), (1, 2), (1, 3), (1, 4), (1, 5), (1, 6), (1, 7), (1, 7), (1, 6), (1, 5), (1, 4), (1, 3), (1, 2), (1, 1)]

checkpoints:
[3, 10, 17, 23, 30, 37, 43, 50, 57]

escape_rollout_checkpoints:
[108006, 216168, 324578]

pomcp_rollout_checkpoints:
[46801, 46801, 46801]

bridge_rollout_checkpoints:
[46285, 180027, 313128]

bridge_time_checkpoints:
[0.5576179027557373, 1.684622049331665, 1.6428968906402588]

fragment_time_checkpoints:
[0.41144299507141113, 1.4066696166992188e-05, 1.4066696166992188e-05]

escape_time_checkpoints:
[0.15938186645507812, 0.16614818572998047, 0.19369101524353027]

observed amount:
[0.4444444444444444, 0.5, 0.5, 0.6944444444444444, 0.75, 0.75, 0.9444444444444444, 1.0, 1.0]

time_arr = [1.1284427642822266, 2.979227066040039, 4.815829038619995]
roll_arr = [201092, 442996, 684507]
