0 0 1 1 1 1 1 1 1 0 0 0 0 0 0 1 1 1 1 1 1 1 0 0 0 0 0 0 0
0 0 1 0 0 1 0 1 1 0 0 0 0 0 0 1 0 0 1 0 1 1 0 0 0 0 0 0 0
0 0 1 0 0 1 0 1 1 0 0 0 0 0 0 1 0 0 1 0 1 1 1 1 1 1 1 1 0
0 0 1 1 1 1 0 1 1 0 0 0 0 0 0 1 1 1 1 0 1 1 1 0 1 0 0 1 0
0 1 1 1 1 1 1 1 1 1 1 1 0 0 0 0 0 0 0 0 0 1 1 0 1 0 0 1 0
0 1 0 0 0 0 0 0 0 0 1 1 1 1 1 1 1 1 1 0 0 1 1 0 1 1 1 1 0
0 1 1 1 1 1 1 1 0 0 0 0 1 1 1 1 1 1 1 1 1 1 1 0 0 0 0 0 0
0 1 1 0 1 0 0 1 0 0 0 0 1 0 0 0 1 0 0 1 0 1 1 0 0 0 0 0 0
0 1 1 0 1 0 0 1 0 0 0 0 1 0 0 0 1 0 0 1 0 1 1 0 0 0 0 0 0
0 1 1 0 1 1 1 1 0 0 0 0 1 0 0 0 1 1 1 1 0 1 1 0 0 0 0 0 0
0 1 0 0 0 0 0 0 0 0 0 0 1 0 0 0 0 1 1 0 0 0 0 0 0 0 0 0 0
0 1 1 0 1 1 1 1 0 0 0 0 1 0 0 0 1 1 1 1 0 1 1 0 0 0 0 0 0
0 1 1 0 1 0 0 1 0 0 0 0 1 0 0 0 1 0 0 1 0 1 1 0 0 0 0 0 0
0 1 1 0 1 0 0 1 0 0 0 0 1 0 0 0 1 0 0 1 0 1 1 0 0 0 0 0 0
0 1 1 1 1 1 1 1 0 0 0 0 1 2 2 2 1 1 1 1 1 1 1 0 0 0 0 0 0


Exploration result with generator call limit
agent_path:
[(14, 2), (14, 2), (14, 3), (14, 4), (14, 5), (14, 6), (14, 7), (13, 7), (12, 7), (11, 7), (11, 7), (12, 7), (13, 7), (14, 7), (14, 7), (14, 6), (14, 6), (14, 5), (14, 4), (14, 3), (14, 2), (13, 2), (12, 2), (11, 2), (11, 1), (11, 1), (10, 1), (9, 1), (9, 1), (9, 2), (8, 2), (7, 2), (6, 2), (6, 3), (6, 4), (7, 4), (8, 4), (9, 4), (9, 5), (9, 6), (9, 7), (9, 7), (9, 6), (9, 5), (9, 4), (9, 4), (8, 4), (7, 4), (6, 4), (6, 4), (6, 3), (6, 3), (6, 2), (6, 1), (6, 1), (5, 1), (4, 1), (4, 2), (3, 2), (3, 2), (2, 2), (1, 2), (0, 2), (0, 3), (0, 4), (0, 5), (0, 6), (0, 7), (0, 7), (1, 7), (2, 7), (3, 7), (3, 7), (3, 8), (4, 8), (4, 9), (4, 10), (4, 11), (5, 11), (5, 12), (5, 13), (5, 14), (5, 15), (5, 16), (6, 16), (6, 16), (6, 17), (6, 18), (6, 19), (6, 20), (6, 21), (6, 20), (6, 19), (7, 19), (8, 19), (9, 19), (9, 19), (8, 19), (7, 19), (6, 19), (6, 20), (6, 21), (6, 21), (5, 21), (5, 21), (4, 21), (3, 21), (2, 21), (2, 22), (2, 23), (2, 24), (2, 25), (2, 26), (2, 27), (3, 27), (4, 27), (5, 27), (5, 27), (4, 27), (3, 27), (2, 27), (2, 26), (2, 25), (2, 24), (2, 23), (2, 22), (3, 22), (4, 22), (4, 21), (5, 21), (5, 21), (4, 21), (3, 21), (3, 21), (2, 21), (1, 21), (0, 21), (0, 20), (0, 19), (0, 18), (0, 17), (0, 16), (0, 15), (1, 15), (2, 15), (3, 15), (3, 15), (3, 15), (3, 15), (2, 15), (1, 15), (1, 15), (0, 15), (0, 16), (0, 16), (0, 16), (0, 16), (0, 17), (0, 17), (0, 18), (0, 19), (0, 20), (1, 20), (2, 20), (3, 20), (3, 21), (3, 21), (4, 21), (5, 21), (5, 22), (4, 22), (5, 22), (4, 22), (5, 22), (6, 22), (6, 21), (6, 20), (6, 19), (7, 19), (8, 19), (9, 19), (9, 18), (10, 18), (11, 18), (11, 18), (11, 17), (11, 16), (12, 16), (13, 16), (14, 16), (14, 17), (14, 18), (14, 19), (14, 20), (14, 21), (14, 21), (14, 20), (14, 19), (14, 18), (14, 17), (14, 16)]

checkpoints:
[1, 10, 25, 28, 41, 54, 59, 68, 72, 85, 96, 102, 104, 117, 130, 133, 146, 166, 184, 195, 201]

escape_rollout_checkpoints:
[283216, 375668, 385063, 408791, 556000, 892846, 930736]

pomcp_rollout_checkpoints:
[0, 0, 0, 0, 0, 0, 0]

bridge_rollout_checkpoints:
[6446, 134903, 423749, 1747155, 1805049, 1950981, 4327693]

bridge_time_checkpoints:
[0.25694704055786133, 3.384596109390259, 7.387948989868164, 43.26948690414429, 2.263516902923584, 4.1159210205078125, 61.59251689910889]

fragment_time_checkpoints:
[1.5176279544830322, 2.795198917388916, 1.546257734298706, 2.224334955215454, 2.992027997970581, 3.010279893875122, 2.0790021419525146]

escape_time_checkpoints:
[0.5825583934783936, 0.15526890754699707, 0.012966156005859375, 0.04027080535888672, 0.39754796028137207, 0.75534987449646, 0.06635594367980957]

observed amount:
[0.07065217391304347, 0.15217391304347827, 0.15217391304347827, 0.17391304347826086, 0.24456521739130435, 0.24456521739130435, 0.33695652173913043, 0.41304347826086957, 0.41304347826086957, 0.5815217391304348, 0.6956521739130435, 0.6956521739130435, 0.6956521739130435, 0.7880434782608695, 0.7880434782608695, 0.7880434782608695, 0.8586956521739131, 0.8586956521739131, 0.8913043478260869, 1.0, 1.0]

time_arr = [2.357133388519287, 8.692197322845459, 17.63937020301819, 63.173462867736816, 68.82655572891235, 76.70810651779175, 140.44598150253296]
roll_arr = [289662, 510571, 808812, 2155946, 2361049, 2843827, 5258429]
