2 2 2 2 2 2 2 2 2 2 2 2
2 0 0 0 0 2 2 0 0 0 0 2
2 0 2 2 0 2 2 0 2 2 0 2
2 0 0 2 0 2 2 0 2 0 0 2
2 2 2 2 2 2 2 2 2 2 2 2
2 2 2 2 2 2 2 2 2 2 2 2
2 0 2 0 0 2 2 0 2 0 0 2
2 0 2 2 0 2 2 0 2 2 0 2
2 0 0 0 0 2 2 0 0 0 0 2
2 2 2 2 2 2 2 2 2 2 2 2


Exploration result with generator call limit
agent_path:
[(4, 5), (3, 5), (3, 6), (3, 6), (3, 7), (2, 7), (2, 7), (2, 7), (2, 7), (2, 7), (2, 7), (2, 7), (2, 7), (2, 7), (2, 7), (2, 7), (2, 7), (2, 7), (2, 7), (2, 7), (2, 7), (2, 7), (2, 7), (2, 7), (2, 7), (2, 7), (2, 7), (2, 7), (2, 7), (2, 7), (2, 7), (2, 7), (2, 7), (2, 7), (2, 7), (2, 7), (2, 7), (2, 7), (2, 7), (2, 7), (2, 7), (2, 7), (2, 7), (2, 7), (2, 7), (2, 7), (2, 7), (2, 7), (2, 7), (2, 7), (2, 7), (2, 7), (2, 7), (2, 7), (2, 7), (2, 7), (2, 7), (2, 7), (2, 7), (2, 7), (2, 7), (2, 7), (2, 7), (2, 7), (2, 7), (2, 7), (2, 7), (2, 7), (2, 7), (2, 7), (2, 7), (2, 7), (2, 7), (2, 7), (2, 7), (2, 7), (2, 7), (2, 7), (2, 7), (2, 7), (2, 7), (2, 7), (2, 7), (2, 7), (2, 7), (2, 7), (2, 7), (2, 7), (2, 7), (2, 7), (2, 7), (2, 7), (2, 7), (2, 7), (2, 7), (2, 7), (2, 7), (2, 7), (2, 7), (2, 7), (2, 7), (2, 7), (2, 7), (2, 7), (2, 7), (2, 7), (2, 7), (2, 7), (2, 7), (2, 7), (2, 7), (2, 7), (2, 7), (2, 7), (2, 7), (3, 7), (3, 7), (4, 7), (4, 6), (5, 6), (6, 6), (6, 5), (6, 5), (7, 5), (8, 5), (9, 5), (9, 5), (9, 5), (9, 5), (9, 5), (9, 5), (9, 5), (9, 5), (9, 5), (9, 5), (9, 5), (9, 5), (9, 5), (9, 5), (9, 5), (9, 5), (9, 5), (9, 5), (9, 5), (9, 5), (9, 5), (9, 5), (9, 5), (9, 5), (9, 5), (9, 5), (9, 5), (9, 5), (9, 5), (9, 5), (9, 5), (9, 5), (9, 5), (9, 5), (9, 5), (9, 5), (9, 5), (9, 5), (9, 5), (9, 5), (9, 5), (9, 5), (9, 5), (9, 5), (9, 5), (9, 5), (9, 5), (9, 5), (9, 5), (9, 5), (9, 5), (9, 5), (9, 5), (9, 5), (9, 5), (9, 5), (9, 5), (9, 5), (9, 5), (9, 5), (9, 5), (9, 5), (9, 5), (9, 5), (9, 5), (9, 5), (9, 5), (9, 5), (9, 5), (9, 5), (9, 5), (9, 5), (9, 5), (9, 5), (9, 5), (9, 5), (9, 5), (9, 5), (9, 5), (9, 5), (9, 5), (9, 5), (9, 5), (9, 5), (9, 5), (9, 5), (9, 5), (9, 5), (9, 5), (9, 5), (9, 5), (9, 5), (9, 5), (9, 5), (9, 5), (9, 5), (9, 5), (9, 5), (9, 5), (9, 5), (9, 5), (9, 5), (9, 5), (9, 5), (9, 5), (9, 5), (9, 5), (9, 5), (9, 5), (9, 5), (9, 6), (9, 7), (9, 7), (9, 8), (9, 9), (9, 10), (9, 11), (9, 11), (9, 11), (9, 11), (9, 11), (9, 11), (9, 11), (9, 11), (9, 11), (9, 11), (9, 11), (9, 11), (9, 11), (9, 11), (9, 11), (9, 11), (9, 11), (9, 11), (9, 11), (9, 11), (9, 11), (9, 11), (9, 11), (9, 11), (9, 11), (9, 11), (9, 11), (9, 11), (9, 11), (9, 11), (9, 11), (9, 11), (9, 11), (9, 11), (9, 11), (9, 11), (9, 11), (9, 11), (9, 11), (9, 11), (9, 11), (9, 11), (9, 11), (9, 11), (9, 11), (9, 11), (9, 11), (9, 11), (9, 11), (9, 11), (9, 11), (9, 11), (9, 11), (9, 11), (9, 11), (9, 11), (9, 11), (9, 11), (9, 11), (9, 11), (9, 11), (9, 11), (9, 11), (9, 11), (9, 11), (9, 11), (9, 11), (9, 11), (9, 11), (9, 11), (9, 11), (9, 11), (9, 11), (9, 11), (9, 11), (9, 11), (9, 11), (9, 11), (9, 11), (9, 11), (9, 11), (9, 11), (9, 11), (9, 11), (9, 11), (9, 11), (9, 11), (9, 11), (9, 11), (9, 11), (9, 11), (9, 11), (9, 11), (9, 11), (9, 11), (9, 11), (9, 11), (9, 11), (9, 11), (9, 11), (9, 11), (9, 11), (9, 11), (9, 11), (9, 11), (9, 11), (9, 11), (9, 11), (9, 10), (9, 9), (9, 8), (9, 7), (9, 7), (9, 6), (8, 6), (7, 6), (6, 6), (5, 6), (5, 5), (5, 4), (5, 3), (4, 3), (3, 3), (3, 3), (3, 3), (2, 3), (2, 3), (2, 3), (2, 3), (2, 3), (2, 3), (2, 3), (2, 3), (2, 3), (2, 3), (2, 3), (2, 3), (2, 3), (2, 3), (2, 3), (2, 3), (2, 3), (2, 3), (2, 3), (2, 3), (2, 3), (2, 3), (2, 3), (2, 3), (2, 3), (2, 3), (2, 3), (2, 3), (2, 3), (2, 3), (2, 3), (2, 3), (2, 3), (2, 3), (2, 3), (2, 3), (2, 3), (2, 3), (2, 3), (2, 3), (2, 3), (2, 3), (2, 3), (2, 3), (2, 3), (2, 3), (2, 3), (2, 3), (2, 3), (2, 3), (2, 3), (2, 3), (2, 3), (2, 3), (2, 3), (2, 3), (2, 3), (2, 3), (2, 3), (2, 3), (2, 3), (2, 3), (2, 3), (2, 3), (2, 3), (2, 3), (2, 3), (2, 3), (2, 3), (2, 3), (2, 3), (2, 3), (2, 3), (2, 3), (2, 3), (2, 3), (2, 3), (2, 3), (2, 3), (2, 3), (2, 3), (2, 3), (2, 3), (2, 3), (2, 3), (2, 3), (2, 3), (2, 3), (2, 3), (2, 3), (2, 3), (2, 3), (2, 3), (2, 3), (2, 3), (2, 3), (2, 3), (2, 3), (2, 3), (2, 3), (2, 3), (2, 3), (2, 3), (2, 3), (2, 3), (2, 3), (2, 3), (2, 3), (2, 3), (2, 3), (3, 3)]

checkpoints:
[3, 114, 116, 122, 233, 234, 237, 348, 353, 364, 475, 477]

escape_rollout_checkpoints:
[2151, 2151, 20767, 22988]

pomcp_rollout_checkpoints:
[0, 0, 0, 0]

bridge_rollout_checkpoints:
[55510, 231865, 312158, 886971]

bridge_time_checkpoints:
[1.9721558094024658, 5.461575031280518, 2.1569910049438477, 15.185855388641357]

fragment_time_checkpoints:
[9.993701219558716, 12.329653978347778, 12.35147500038147, 8.598084688186646]

escape_time_checkpoints:
[0.001857757568359375, 9.059906005859375e-06, 0.020958900451660156, 0.0019419193267822266]

observed amount:
[0.47619047619047616, 0.5, 0.5, 0.5476190476190477, 0.6666666666666666, 0.6666666666666666, 0.6666666666666666, 0.75, 0.75, 0.7738095238095238, 0.7857142857142857, 0.7857142857142857]

time_arr = [11.967714786529541, 29.758952856063843, 44.28837776184082, 68.0742597579956]
roll_arr = [57661, 234016, 332925, 909959]
