

0 0 2 2 2 2 2 2 2 0 0 0 0 0 0 2 2 2 2 2 2 2 0 0 0 0 0 0 0
0 0 2 0 0 2 0 2 2 0 0 0 0 0 0 2 0 0 2 0 2 2 0 0 0 0 0 0 0
0 0 2 0 0 2 0 2 2 0 0 0 0 0 0 2 0 0 2 0 2 2 2 2 2 2 2 2 0
0 0 2 2 2 2 0 2 2 0 0 0 0 0 0 2 2 2 2 0 2 2 2 0 2 0 0 2 0
0 2 2 2 2 2 2 2 2 2 2 2 0 0 0 0 0 0 0 0 0 2 2 0 2 0 0 2 0
0 2 0 0 0 0 0 0 0 0 2 2 2 2 2 2 2 2 2 0 0 2 2 0 2 2 2 2 0
0 2 2 2 2 2 2 2 0 0 0 0 2 2 2 2 2 2 2 2 2 2 2 0 0 0 0 0 0
0 2 2 0 2 0 0 2 0 0 0 0 2 0 0 0 2 0 0 2 0 2 2 0 0 0 0 0 0
0 2 2 0 2 0 0 2 0 0 0 0 2 0 0 0 2 0 0 2 0 2 2 0 0 0 0 0 0
0 2 2 0 2 2 2 2 0 0 0 0 2 0 0 0 2 2 2 2 0 2 2 0 0 0 0 0 0
0 2 0 0 0 0 0 0 0 0 0 0 2 0 0 0 0 2 2 0 0 0 0 0 0 0 0 0 0
0 2 2 0 2 2 2 2 0 0 0 0 2 0 0 0 2 2 2 2 0 2 2 0 0 0 0 0 0
0 2 2 0 2 0 0 2 0 0 0 0 2 0 0 0 2 0 0 2 0 2 2 0 0 0 0 0 0
0 2 2 0 2 0 0 2 0 0 0 0 2 0 0 0 2 0 0 2 0 2 2 0 0 0 0 0 0
0 2 2 2 2 2 2 2 0 0 0 0 2 2 2 2 2 2 2 2 2 2 2 0 0 0 0 0 0


Exploration result with generator call limit
agent_path:
[(14, 2), (14, 2), (14, 3), (14, 4), (14, 5), (14, 6), (14, 7), (13, 7), (12, 7), (11, 7), (11, 7), (12, 7), (13, 7), (13, 7), (14, 7), (14, 6), (14, 5), (14, 4), (14, 3), (14, 2), (13, 2), (12, 2), (11, 2), (11, 1), (11, 1), (10, 1), (9, 1), (9, 1), (8, 1), (7, 1), (6, 1), (6, 2), (6, 3), (6, 4), (6, 5), (6, 6), (6, 7), (7, 7), (8, 7), (9, 7), (9, 7), (9, 6), (9, 6), (9, 5), (9, 4), (8, 4), (7, 4), (7, 4), (6, 4), (6, 3), (6, 2), (6, 1), (6, 1), (5, 1), (4, 1), (4, 2), (3, 2), (3, 2), (2, 2), (1, 2), (0, 2), (0, 3), (0, 4), (0, 5), (0, 6), (0, 7), (0, 7), (1, 7), (2, 7), (2, 8), (3, 8), (3, 8), (4, 8), (4, 9), (4, 10), (4, 10), (5, 10), (5, 11), (5, 12), (5, 13), (5, 14), (5, 15), (5, 16), (6, 16), (6, 16), (6, 17), (6, 18), (6, 19), (6, 20), (6, 21), (6, 20), (6, 19), (7, 19), (8, 19), (9, 19), (9, 19), (9, 18), (9, 18), (10, 18), (11, 18), (11, 18), (11, 19), (12, 19), (13, 19), (14, 19), (14, 20), (14, 21), (14, 20), (14, 19), (14, 18), (14, 17), (14, 16), (14, 16), (14, 16), (13, 16), (12, 16), (12, 16), (11, 16), (11, 16), (11, 17), (10, 17), (9, 17), (9, 16), (8, 16), (8, 16), (7, 16), (6, 16), (6, 17), (6, 18), (6, 19), (6, 20), (6, 21), (5, 21), (5, 21), (4, 21), (3, 21), (2, 21), (2, 22), (2, 23), (2, 24), (2, 25), (2, 26), (2, 27), (3, 27), (4, 27), (5, 27), (5, 27), (4, 27), (4, 27), (4, 27), (3, 27), (2, 27), (2, 26), (2, 25), (2, 24), (2, 23), (2, 23), (2, 22), (3, 22), (4, 22), (4, 21), (5, 21), (5, 21), (4, 21), (3, 21), (3, 21), (2, 21), (1, 21), (0, 21), (0, 20), (0, 19), (0, 18), (0, 17), (0, 16), (0, 15), (1, 15), (2, 15), (3, 15), (3, 15), (2, 15), (2, 15), (2, 15), (2, 15), (1, 15), (1, 15), (1, 15), (1, 15), (0, 15), (0, 16), (0, 17), (0, 18), (0, 19), (0, 20), (1, 20), (2, 20), (3, 20), (3, 21)]

checkpoints:
[1, 10, 24, 27, 40, 52, 57, 66, 71, 84, 95, 97, 100, 112, 113, 133, 146, 162, 165, 178, 197]

escape_rollout_checkpoints:
[260936, 361941, 376303, 378372, 378372, 555428, 847193]

pomcp_rollout_checkpoints:
[112917, 304217, 427878, 582899, 752519, 752519, 752519]

bridge_rollout_checkpoints:
[6817, 136492, 430973, 1729835, 1840070, 4547068, 4701174]

bridge_time_checkpoints:
[0.3607316017150879, 6.238450050354004, 31.28687834739685, 109.83875775337219, 7.341567516326904, 295.58216667175293, 21.908955812454224]

fragment_time_checkpoints:
[2.1354715824127197, 6.932934045791626, 4.4587695598602295, 3.4318666458129883, 6.731181621551514, 0.002831697463989258, 0.0]

escape_time_checkpoints:
[0.9529953002929688, 0.6686758995056152, 0.08219647407531738, 0.015711545944213867, 0.0, 1.731959342956543, 2.300493001937866]

observed amount:
[0.07065217391304347, 0.15217391304347827, 0.15217391304347827, 0.17391304347826086, 0.24456521739130435, 0.24456521739130435, 0.33695652173913043, 0.41304347826086957, 0.41304347826086957, 0.5815217391304348, 0.6956521739130435, 0.717391304347826, 0.7282608695652174, 0.8369565217391305, 0.8369565217391305, 0.8369565217391305, 0.9293478260869565, 0.9293478260869565, 0.9293478260869565, 1.0, 1.0]

time_arr = [3.4491984844207764, 17.28925848007202, 53.11710286140442, 166.4034388065338, 180.47618794441223, 477.7931456565857, 502.0025944709778]
roll_arr = [380670, 802650, 1235154, 2691106, 2970961, 5855015, 6300886]
