0 0 0 0 0 0 0 0 0 0 0 0 0 0 0 0 0 0 0 0 0 0 0 0 0 0 0 0 0 0 0 0 0 0 0 0 0 0 0 0 0 0 0 0 0
0 0 0 0 0 0 0 0 0 0 0 0 0 0 0 0 0 0 0 0 0 0 0 0 0 0 0 0 0 0 0 0 0 0 0 0 0 0 0 0 0 0 0 0 0
0 2 2 2 2 2 2 2 2 2 2 2 2 2 2 2 2 2 2 2 2 2 2 2 2 2 2 2 2 2 2 2 2 2 2 2 2 2 2 2 2 2 0 0 0
0 2 0 0 0 0 0 0 0 0 0 0 0 0 0 0 0 0 0 0 0 0 0 0 0 0 0 0 0 0 0 0 0 0 0 0 0 0 0 0 0 2 0 0 0
0 2 0 2 2 2 2 2 2 2 2 2 2 2 2 2 2 2 2 2 2 2 2 2 2 2 2 0 0 0 0 0 0 0 0 0 0 0 0 0 0 2 0 0 0
0 2 0 2 0 0 0 0 0 0 0 0 0 0 0 0 0 0 0 0 0 0 0 0 0 0 2 0 0 0 0 0 0 0 0 0 0 0 0 0 0 2 0 0 0
0 2 0 2 2 2 2 2 2 2 0 0 2 2 2 2 2 0 0 2 2 2 2 2 0 0 2 2 2 2 2 0 0 2 2 2 2 2 0 0 2 2 2 2 0
0 2 0 2 0 2 0 0 0 2 0 0 2 0 0 0 2 0 0 2 0 0 0 2 0 0 2 0 0 0 2 0 0 2 0 0 0 2 0 0 2 0 0 2 0
0 2 0 2 0 2 0 0 0 2 2 2 2 0 0 0 2 2 2 2 0 0 0 2 2 2 2 0 0 0 2 2 2 2 0 0 0 2 2 2 2 0 2 2 2
0 2 0 2 0 2 0 0 0 2 0 0 2 0 0 0 2 0 0 2 0 0 0 2 0 0 2 0 0 0 2 0 0 2 0 0 0 2 0 0 2 0 0 2 0
0 2 0 2 0 2 2 2 2 2 0 0 2 2 2 2 2 0 0 2 2 2 2 2 0 0 2 2 2 2 2 0 0 2 2 2 2 2 0 0 2 2 2 2 0
0 2 0 2 0 0 0 0 0 0 0 0 0 0 0 0 0 0 0 0 0 0 0 0 0 0 2 0 0 0 0 0 0 0 0 0 0 0 0 0 0 2 0 0 0
0 2 0 2 0 0 0 0 0 0 0 0 0 0 0 0 0 0 0 0 0 0 0 0 0 0 2 0 0 0 0 0 0 0 0 0 0 0 0 0 0 2 0 0 0
0 2 0 2 0 0 0 0 0 0 0 0 0 0 0 0 0 0 0 0 0 0 0 0 0 0 2 0 0 0 0 0 0 0 0 0 0 0 0 0 0 2 0 0 0
0 2 2 2 2 2 2 2 2 2 2 2 2 2 2 2 2 2 2 2 2 2 2 2 2 2 2 2 2 2 2 2 2 2 2 2 2 2 2 2 2 2 0 0 0
0 2 2 2 2 2 2 2 2 2 2 2 2 2 2 2 2 2 2 2 2 2 2 2 2 2 2 2 2 2 2 2 2 2 2 2 2 2 2 2 2 2 0 0 0
0 2 0 2 0 0 0 0 0 0 0 0 0 0 0 0 0 0 0 0 0 0 0 0 0 0 2 0 0 0 0 0 0 0 0 0 0 0 0 0 0 2 0 0 0
0 2 0 2 0 0 0 0 0 0 0 0 0 0 0 0 0 0 0 0 0 0 0 0 0 0 2 0 0 0 0 0 0 0 0 0 0 0 0 0 0 2 0 0 0
0 2 0 2 0 0 0 0 0 0 0 0 0 0 0 0 0 0 0 0 0 0 0 0 0 0 2 0 0 0 0 0 0 0 0 0 0 0 0 0 0 2 0 0 0
0 2 0 2 0 2 2 2 2 2 0 0 2 2 2 2 2 0 0 2 2 2 2 2 0 0 2 2 2 2 2 0 0 2 2 2 2 2 0 0 2 2 2 2 0
0 2 0 2 0 2 0 0 0 2 0 0 2 0 0 0 2 0 0 2 0 0 0 2 0 0 2 0 0 0 2 0 0 2 0 0 0 2 0 0 2 0 0 2 0
0 2 0 2 0 2 0 0 0 2 2 2 2 0 0 0 2 2 2 2 0 0 0 2 2 2 2 0 0 0 2 2 2 2 0 0 0 2 2 2 2 0 2 2 2
0 2 0 2 0 2 0 0 0 2 0 0 2 0 0 0 2 0 0 2 0 0 0 2 0 0 2 0 0 0 2 0 0 2 0 0 0 2 0 0 2 0 0 2 0
0 2 0 2 2 2 2 2 2 2 0 0 2 2 2 2 2 0 0 2 2 2 2 2 0 0 2 2 2 2 2 0 0 2 2 2 2 2 0 0 2 2 2 2 0
0 2 0 2 0 0 0 0 0 0 0 0 0 0 0 0 0 0 0 0 0 0 0 0 0 0 2 0 0 0 0 0 0 0 0 0 0 0 0 0 0 2 0 0 0
0 2 0 2 2 2 2 2 2 2 2 2 2 2 2 2 2 2 2 2 2 2 2 2 2 2 2 0 0 0 0 0 0 0 0 0 0 0 0 0 0 2 0 0 0
0 2 0 0 0 0 0 0 0 0 0 0 0 0 0 0 0 0 0 0 0 0 0 0 0 0 0 0 0 0 0 0 0 0 0 0 0 0 0 0 0 2 0 0 0
0 2 2 2 2 2 2 2 2 2 2 2 2 2 2 2 2 2 2 2 2 2 2 2 2 2 2 2 2 2 2 2 2 2 2 2 2 2 2 2 2 2 0 0 0
0 0 0 0 0 0 0 0 0 0 0 0 0 0 0 0 0 0 0 0 0 0 0 0 0 0 0 0 0 0 0 0 0 0 0 0 0 0 0 0 0 0 0 0 0
0 0 0 0 0 0 0 0 0 0 0 0 0 0 0 0 0 0 0 0 0 0 0 0 0 0 0 0 0 0 0 0 0 0 0 0 0 0 0 0 0 0 0 0 0


Exploration result with generator call limit
agent_path:
[(22, 9), (22, 9), (23, 9), (22, 9), (21, 9), (20, 9), (19, 9), (19, 8), (19, 7), (19, 6), (19, 5), (19, 5), (19, 6), (19, 7), (19, 7), (19, 7), (19, 8), (19, 8), (19, 8), (19, 9), (20, 9), (21, 9), (21, 9), (21, 10), (21, 11), (21, 12), (21, 12), (20, 12), (19, 12), (20, 12), (21, 12), (22, 12), (23, 12), (23, 13), (23, 14), (23, 15), (23, 16), (23, 16), (22, 16), (21, 16), (21, 16), (21, 17), (21, 18), (21, 19), (21, 19), (20, 19), (19, 19), (20, 19), (21, 19), (22, 19), (23, 19), (23, 20), (23, 21), (23, 22), (23, 23), (23, 23), (23, 22), (23, 22), (23, 21), (23, 20), (23, 19), (22, 19), (21, 19), (21, 19), (20, 19), (19, 19), (19, 19), (19, 20), (19, 20), (19, 21), (19, 22), (19, 23), (20, 23), (21, 23), (21, 24), (21, 25), (21, 26), (21, 26), (20, 26), (19, 26), (20, 26), (21, 26), (22, 26), (23, 26), (23, 27), (23, 28), (23, 29), (23, 30), (23, 30), (23, 29), (23, 28), (23, 27), (23, 26), (23, 26), (23, 27), (23, 28), (23, 29), (23, 29), (23, 30), (22, 30), (21, 30), (21, 31), (21, 32), (21, 33), (21, 33), (20, 33), (19, 33), (20, 33), (21, 33), (22, 33), (23, 33), (23, 34), (23, 35), (23, 36), (23, 37), (23, 37), (22, 37), (22, 37), (23, 37), (23, 37), (23, 37), (23, 37), (23, 36), (23, 35), (23, 34), (23, 33), (22, 33), (21, 33), (21, 33), (21, 32), (21, 31), (21, 30), (20, 30), (20, 30), (19, 30), (19, 30), (20, 30), (20, 30), (20, 30), (20, 30), (20, 30), (19, 30), (19, 30), (19, 30), (19, 30), (19, 29), (19, 28), (19, 28), (19, 27), (19, 27), (19, 26), (18, 26), (17, 26), (16, 26), (15, 26), (14, 26), (13, 26), (12, 26), (11, 26), (10, 26), (10, 26), (10, 27), (10, 28), (10, 29), (10, 30), (9, 30), (8, 30), (7, 30), (6, 30), (6, 30), (6, 30), (6, 29), (6, 28), (6, 28), (6, 27), (6, 26), (6, 26), (7, 26), (8, 26), (8, 25), (8, 24), (8, 23), (8, 23), (9, 23), (10, 23), (9, 23), (8, 23), (7, 23), (6, 23), (6, 22), (6, 21), (6, 20), (6, 19), (6, 19), (7, 19), (8, 19), (8, 19), (8, 18), (8, 17), (8, 16), (8, 16), (9, 16), (10, 16), (9, 16), (8, 16), (7, 16), (6, 16), (6, 15), (6, 14), (6, 13), (6, 12), (6, 12), (6, 12), (6, 12), (6, 13), (6, 13), (6, 13), (6, 14), (6, 13), (6, 13), (6, 14), (6, 15), (6, 15), (6, 16), (7, 16), (8, 16), (8, 16), (9, 16), (8, 16), (7, 16), (6, 16), (6, 15), (6, 15), (6, 14), (6, 13), (6, 12), (7, 12), (8, 12), (8, 11), (8, 10), (8, 9), (8, 9), (9, 9), (10, 9), (9, 9), (8, 9), (7, 9), (6, 9), (6, 8), (6, 7), (6, 6), (6, 5), (6, 5), (6, 5), (6, 4), (6, 3), (6, 3), (7, 3), (8, 3), (9, 3), (10, 3), (11, 3), (12, 3), (12, 3), (12, 3), (12, 3), (12, 3), (13, 3), (14, 3), (14, 2), (14, 2), (14, 1), (14, 1), (14, 1), (15, 1), (16, 1), (16, 1), (16, 1), (16, 1), (17, 1), (17, 1), (18, 1), (18, 1), (18, 1), (18, 1), (19, 1), (20, 1), (20, 1), (20, 1), (21, 1), (22, 1), (23, 1), (23, 1), (23, 1), (22, 1), (23, 1), (23, 1), (23, 1), (24, 1), (25, 1), (26, 1), (25, 1), (26, 1), (27, 1), (27, 1), (27, 1), (27, 1), (26, 1), (25, 1), (26, 1), (26, 1), (26, 1), (25, 1), (25, 1), (26, 1), (26, 1), (25, 1), (26, 1), (27, 1), (26, 1), (26, 1), (26, 1), (26, 1), (26, 1), (27, 1), (27, 1), (27, 1), (26, 1), (26, 1), (25, 1), (25, 1), (25, 1), (26, 1), (26, 1), (27, 1), (27, 1), (27, 2), (27, 1), (26, 1), (26, 1), (26, 1), (26, 1), (25, 1), (25, 1), (25, 1), (25, 1), (24, 1), (25, 1), (25, 1), (24, 1), (24, 1), (24, 1), (23, 1), (24, 1), (24, 1), (23, 1), (23, 1), (22, 1), (23, 1), (23, 1), (22, 1), (22, 1), (21, 1), (21, 1), (21, 1), (20, 1), (19, 1), (20, 1), (20, 1), (19, 1), (19, 1), (18, 1), (17, 1), (18, 1), (18, 1), (18, 1), (18, 1), (17, 1), (16, 1), (17, 1), (16, 1), (15, 1), (14, 1), (13, 1), (12, 1), (12, 1), (13, 1), (12, 1), (12, 1), (11, 1), (10, 1), (9, 1), (9, 1), (9, 1), (9, 1), (8, 1), (7, 1), (7, 1), (6, 1), (6, 1), (5, 1), (4, 1), (4, 1), (3, 1), (4, 1), (3, 1), (3, 1), (3, 1), (2, 1), (3, 1), (3, 1), (4, 1), (4, 1), (5, 1), (4, 1), (5, 1), (5, 1), (6, 1), (6, 1), (7, 1), (7, 1), (8, 1), (8, 1), (9, 1), (10, 1), (10, 1), (11, 1), (10, 1), (10, 1), (9, 1), (9, 1), (10, 1), (10, 1), (10, 1), (11, 1), (11, 1), (12, 1), (13, 1), (14, 1), (15, 1), (15, 2), (15, 3), (16, 3), (17, 3), (17, 3), (17, 3), (18, 3), (19, 3), (20, 3), (21, 3), (22, 3), (23, 3), (24, 3), (25, 3), (25, 3), (24, 3), (23, 3), (23, 3), (23, 4), (23, 4), (23, 4), (23, 5), (22, 5), (21, 5), (21, 5), (21, 5), (20, 5), (19, 5), (20, 5), (19, 5), (19, 6), (19, 7), (19, 7), (19, 7), (19, 7), (19, 8), (19, 8), (19, 9), (20, 9), (21, 9), (21, 9), (20, 9), (21, 9), (21, 10), (21, 10), (21, 11), (21, 11), (21, 12), (21, 12), (20, 12), (20, 12), (20, 12), (20, 12), (20, 12), (20, 12), (19, 12), (19, 13), (19, 13), (19, 14), (19, 15), (19, 16), (19, 16), (19, 15), (19, 15), (19, 16), (19, 16), (20, 16), (20, 16), (21, 16), (21, 17), (21, 18), (21, 19), (20, 19), (20, 19), (20, 19), (19, 19), (19, 19), (19, 20), (19, 20), (19, 19), (19, 19), (19, 20), (19, 19), (19, 20), (19, 21), (19, 22), (19, 23), (20, 23), (21, 23), (21, 24), (21, 24), (21, 25), (21, 25), (21, 26), (20, 26), (19, 26), (19, 27), (19, 27), (19, 27), (19, 27), (19, 27), (19, 27), (19, 26), (19, 26), (19, 27), (19, 26), (19, 26), (19, 26), (19, 27), (19, 27), (19, 27), (19, 28), (19, 28), (19, 28), (19, 29), (19, 30), (20, 30), (19, 30), (19, 30), (20, 30), (21, 30), (21, 31), (21, 32), (21, 33), (20, 33), (21, 33), (22, 33), (23, 33), (23, 33), (23, 34), (23, 35), (23, 35), (23, 35), (23, 35), (23, 35), (23, 35), (23, 36), (23, 36), (23, 37), (22, 37), (21, 37), (21, 38), (21, 38), (21, 39), (21, 40), (20, 40), (20, 40), (19, 40), (19, 40), (19, 41), (19, 40), (19, 41), (19, 41), (19, 42), (19, 41), (18, 41), (17, 41), (18, 41), (17, 41), (17, 41), (17, 41), (17, 41), (17, 41), (17, 41), (16, 41), (15, 41), (14, 41), (13, 41), (12, 41), (11, 41), (10, 41), (10, 40), (9, 40), (8, 40), (8, 39), (8, 38), (8, 37), (8, 37), (9, 37), (10, 37), (9, 37), (8, 37), (7, 37), (6, 37), (6, 36), (6, 35), (6, 34), (6, 33), (6, 33), (7, 33), (8, 33)]

checkpoints:
[1, 11, 22, 26, 37, 40, 44, 55, 63, 77, 88, 93, 104, 115, 128, 160, 169, 176, 182, 193, 196, 200, 211, 226, 241, 252, 253, 617, 628, 631]

escape_rollout_checkpoints:
[65781, 70956, 115399, 129682, 219925, 247421, 254391, 373882, 373882, 379011]

pomcp_rollout_checkpoints:
[115715, 244807, 244807, 244807, 244807, 345461, 474261, 474261, 474261, 474261]

bridge_rollout_checkpoints:
[6074, 401966, 814530, 4289442, 6699501, 18438965, 19287192, 19688731, 23466291, 188800536]

bridge_time_checkpoints:
[0.20702719688415527, 19.464462995529175, 12.762516021728516, 103.50355267524719, 173.93287897109985, 1009.2956411838531, 79.56246185302734, 17.714267253875732, 119.67642021179199, 12399.855313301086]

fragment_time_checkpoints:
[0.9550678730010986, 1.1459600925445557, 2.1219253540039062e-05, 4.124641418457031e-05, 3.719329833984375e-05, 0.9313809871673584, 1.1122851371765137, 3.123283386230469e-05, 5.602836608886719e-05, 6.699562072753906e-05]

escape_time_checkpoints:
[0.07658076286315918, 0.004762887954711914, 0.05580592155456543, 0.014803886413574219, 0.10794615745544434, 0.02972888946533203, 0.007169008255004883, 0.14305400848388672, 9.298324584960938e-06, 0.004671812057495117]

observed amount:
[0.0102880658436214, 0.043209876543209874, 0.043209876543209874, 0.051440329218107, 0.07407407407407407, 0.08024691358024691, 0.08847736625514403, 0.1111111111111111, 0.1111111111111111, 0.16049382716049382, 0.1831275720164609, 0.1831275720164609, 0.19753086419753085, 0.22016460905349794, 0.22016460905349794, 0.39300411522633744, 0.41358024691358025, 0.41358024691358025, 0.4279835390946502, 0.4506172839506173, 0.4567901234567901, 0.46502057613168724, 0.4876543209876543, 0.4876543209876543, 0.5020576131687243, 0.5288065843621399, 0.5288065843621399, 0.897119341563786, 0.9176954732510288, 0.9176954732510288]

time_arr = [1.238675832748413, 21.853861808776855, 34.67220497131348, 138.19060277938843, 312.23146510124207, 1322.488216161728, 1403.1701321601868, 1421.0274846553802, 1540.703970193863, 13940.564022302628]
roll_arr = [187570, 717729, 1174736, 4663931, 7164233, 19031847, 20015844, 20536874, 24314434, 189653808]
