0 0 0 0 0 0 0 0 0 0 0 0 0 0 0 0 0 0 0 0 0 0 0 0 0 0 0 0 0 0 0 0 0 0 0 0 0 0 0 0 0 0 0 0 0
0 2 2 2 2 2 2 0 0 0 2 2 2 2 2 2 0 0 0 2 2 2 2 2 2 0 0 0 2 2 2 2 2 2 0 0 0 2 2 2 2 2 2 0 0
0 2 0 0 0 0 2 2 0 0 2 0 0 0 0 2 2 0 0 2 0 0 0 0 2 2 0 0 2 0 0 0 0 2 2 0 0 2 0 0 0 0 2 2 0
0 2 0 2 2 0 2 2 2 0 2 0 2 2 0 2 2 2 0 2 0 2 2 0 2 2 2 0 2 0 2 2 0 2 2 2 0 2 0 2 2 0 2 2 2
0 2 2 2 2 0 2 2 2 2 2 2 2 2 0 2 2 2 2 2 2 2 2 0 2 2 2 2 2 2 2 2 0 2 2 2 2 2 2 2 2 0 2 2 2
0 2 0 2 2 0 2 2 2 0 2 0 2 2 0 2 2 2 0 2 0 2 2 0 2 2 2 0 2 0 2 2 0 2 2 2 0 2 0 2 2 0 2 2 2
0 2 0 0 0 0 2 2 0 0 2 0 0 0 0 2 2 0 0 2 0 0 0 0 2 2 0 0 2 0 0 0 0 2 2 0 0 2 0 0 0 0 2 2 0
0 2 2 2 2 2 2 0 0 0 2 2 2 2 2 2 0 0 0 2 2 2 2 2 2 0 0 0 2 2 2 2 2 2 0 0 0 2 2 2 2 2 2 0 0
0 2 0 0 0 0 0 0 0 0 2 0 0 0 0 0 0 0 0 2 0 0 0 0 0 0 0 0 2 0 0 0 0 0 0 0 0 2 0 0 0 0 0 0 0
0 2 0 0 0 0 0 0 0 0 2 0 0 0 0 0 0 0 0 2 0 0 0 0 0 0 0 0 2 0 0 0 0 0 0 0 0 2 0 0 0 0 0 0 0
0 2 0 0 0 0 0 0 0 0 2 0 0 0 0 0 0 0 0 2 0 0 0 0 0 0 0 0 2 0 0 0 0 0 0 0 0 2 0 0 0 0 0 0 0
0 2 0 0 0 0 0 0 0 0 2 0 0 0 0 0 0 0 0 2 0 0 0 0 0 0 0 0 2 0 0 0 0 0 0 0 0 2 0 0 0 0 0 0 0
0 2 0 0 0 0 0 0 0 0 2 0 0 0 0 0 0 0 0 2 0 0 0 0 0 0 0 0 2 0 0 0 0 0 0 0 0 2 0 0 0 0 0 0 0
0 2 0 0 0 0 0 0 0 0 2 0 0 0 0 0 0 0 0 2 0 0 0 0 0 0 0 0 2 0 0 0 0 0 0 0 0 2 0 0 0 0 0 0 0
0 2 0 0 0 0 0 0 0 0 2 0 0 0 0 0 0 0 0 2 0 0 0 0 0 0 0 0 2 0 0 0 0 0 0 0 0 2 0 0 0 0 0 0 0
0 2 0 0 0 0 0 0 0 0 2 0 0 0 0 0 0 0 0 2 0 0 0 0 0 0 0 0 2 0 0 0 0 0 0 0 0 2 0 0 0 0 0 0 0
0 2 0 0 0 0 0 0 0 0 2 0 0 0 0 0 0 0 0 2 0 0 0 0 0 0 0 0 2 0 0 0 0 0 0 0 0 2 0 0 0 0 0 0 0
0 2 0 0 0 0 0 0 0 0 2 0 0 0 0 0 0 0 0 2 0 0 0 0 0 0 0 0 2 0 0 0 0 0 0 0 0 2 0 0 0 0 0 0 0
0 2 0 0 0 0 0 0 0 0 2 0 0 0 0 0 0 0 0 2 0 0 0 0 0 0 0 0 2 0 0 0 0 0 0 0 0 2 0 0 0 0 0 0 0
0 2 0 0 0 0 0 0 0 0 2 0 0 0 0 0 0 0 0 2 0 0 0 0 0 0 0 0 2 0 0 0 0 0 0 0 0 2 0 0 0 0 0 0 0
0 2 0 0 0 0 0 0 0 0 2 0 0 0 0 0 0 0 0 2 0 0 0 0 0 0 0 0 2 0 0 0 0 0 0 0 0 2 0 0 0 0 0 0 0
0 2 0 0 0 0 0 0 0 0 2 0 0 0 0 0 0 0 0 2 0 0 0 0 0 0 0 0 2 0 0 0 0 0 0 0 0 2 0 0 0 0 0 0 0
0 2 2 2 2 2 2 0 0 0 2 2 2 2 2 2 0 0 0 2 2 2 2 2 2 0 0 0 2 2 2 2 2 2 0 0 0 2 2 2 2 2 2 0 0
0 2 0 0 0 0 2 2 0 0 2 0 0 0 0 2 2 0 0 2 0 0 0 0 2 2 0 0 2 0 0 0 0 2 2 0 0 2 0 0 0 0 2 2 0
0 2 0 2 2 0 2 2 2 0 2 0 2 2 0 2 2 2 0 2 0 2 2 0 2 2 2 0 2 0 2 2 0 2 2 2 0 2 0 2 2 0 2 2 2
0 2 2 2 2 0 2 2 2 2 2 2 2 2 0 2 2 2 2 2 2 2 2 0 2 2 2 2 2 2 2 2 0 2 2 2 2 2 2 2 2 0 2 2 2
0 2 0 2 2 0 2 2 2 0 2 0 2 2 0 2 2 2 0 2 0 2 2 0 2 2 2 0 2 0 2 2 0 2 2 2 0 2 0 2 2 0 2 2 2
0 2 0 0 0 0 2 2 0 0 2 0 0 0 0 2 2 0 0 2 0 0 0 0 2 2 0 0 2 0 0 0 0 2 2 0 0 2 0 0 0 0 2 2 0
0 2 2 2 2 2 2 0 0 0 2 2 2 2 2 2 0 0 0 2 2 2 2 2 2 0 0 0 2 2 2 2 2 2 0 0 0 2 2 2 2 2 2 0 0
0 0 0 0 0 0 0 0 0 0 0 0 0 0 0 0 0 0 0 0 0 0 0 0 0 0 0 0 0 0 0 0 0 0 0 0 0 0 0 0 0 0 0 0 0


Exploration result with generator call limit
agent_path:
[(25, 7), (25, 8), (25, 8), (25, 8), (25, 7), (25, 6), (24, 6), (23, 6), (22, 6), (22, 5), (22, 4), (22, 3), (22, 2), (22, 1), (23, 1), (24, 1), (25, 1), (25, 2), (25, 3), (25, 2), (25, 1), (26, 1), (27, 1), (28, 1), (28, 1), (28, 1), (28, 1), (28, 1), (28, 2), (28, 3), (28, 3), (28, 4), (28, 5), (28, 6), (27, 6), (28, 6), (27, 6), (27, 7), (26, 7), (26, 8), (25, 8), (25, 8), (25, 9), (25, 10), (25, 10), (24, 10), (24, 10), (23, 10), (22, 10), (22, 11), (22, 12), (22, 13), (22, 14), (22, 15), (23, 15), (24, 15), (25, 15), (26, 15), (27, 15), (28, 15), (28, 14), (28, 14), (28, 13), (28, 12), (28, 11), (28, 10), (27, 10), (26, 10), (25, 10), (25, 11), (25, 12), (25, 12), (25, 11), (25, 10), (25, 10), (24, 10), (23, 10), (22, 10), (21, 10), (21, 10), (20, 10), (19, 10), (18, 10), (17, 10), (16, 10), (15, 10), (15, 10), (14, 10), (13, 10), (12, 10), (11, 10), (10, 10), (9, 10), (8, 10), (7, 10), (7, 10), (6, 10), (5, 10), (4, 10), (3, 10), (2, 10), (1, 10), (1, 11), (1, 12), (1, 13), (1, 14), (1, 15), (2, 15), (3, 15), (3, 16), (3, 15), (2, 15), (1, 15), (1, 14), (1, 13), (1, 12), (1, 11), (1, 10), (2, 10), (3, 10), (4, 10), (4, 11), (4, 12), (4, 12), (4, 11), (4, 10), (4, 10), (4, 9), (4, 8), (4, 8), (4, 8), (4, 7), (4, 6), (3, 6), (2, 6), (1, 6), (1, 5), (1, 4), (1, 3), (1, 2), (1, 1), (2, 1), (3, 1), (4, 1), (4, 2), (4, 3), (4, 2), (4, 1), (5, 1), (6, 1), (7, 1), (7, 1), (7, 1), (7, 2), (7, 2), (7, 2), (7, 3), (7, 4), (7, 5), (7, 6), (7, 6), (7, 6), (7, 6), (6, 6), (6, 7), (6, 6), (6, 7), (6, 7), (6, 7), (6, 7), (6, 6), (6, 6), (5, 6), (6, 6), (5, 6), (5, 7), (5, 8), (4, 8), (4, 9), (4, 10), (3, 10), (3, 10), (2, 10), (1, 10), (1, 11), (1, 12), (1, 13), (1, 14), (1, 15), (2, 15), (3, 15), (3, 16), (3, 17), (4, 17), (4, 18), (4, 19), (4, 19), (3, 19), (3, 19), (2, 19), (1, 19), (1, 20), (1, 21), (1, 22), (1, 23), (1, 24), (2, 24), (3, 24), (4, 24), (5, 24), (6, 24), (7, 24), (7, 23), (7, 23), (7, 22), (7, 21), (7, 20), (7, 19), (6, 19), (5, 19), (4, 19), (4, 20), (4, 21), (4, 21), (4, 20), (4, 19), (4, 19), (5, 19), (6, 19), (7, 19), (6, 19), (7, 19), (8, 19), (8, 19), (9, 19), (10, 19), (11, 19), (12, 19), (12, 19), (13, 19), (13, 19), (14, 19), (15, 19), (16, 19), (17, 19), (18, 19), (19, 19), (20, 19), (21, 19), (22, 19), (22, 19), (22, 19), (22, 20), (22, 21), (22, 22), (22, 23), (22, 24), (23, 24), (24, 24), (25, 24), (26, 24), (27, 24), (28, 24), (28, 23), (28, 22), (28, 21), (28, 20), (28, 19), (27, 19), (26, 19), (25, 19), (25, 20), (25, 21), (25, 21), (26, 21), (25, 21), (25, 20), (25, 19), (25, 19), (24, 19), (23, 19), (22, 19), (22, 20), (22, 21), (22, 22), (22, 23), (22, 24), (23, 24), (23, 25), (24, 25), (24, 26), (25, 26), (25, 27), (25, 28), (25, 28), (24, 28), (24, 28), (23, 28), (22, 28), (22, 29), (22, 30), (22, 31), (22, 32), (22, 33), (23, 33), (24, 33), (25, 33), (26, 33), (27, 33), (28, 33), (28, 32), (28, 32), (28, 31), (28, 30), (28, 29), (28, 28), (27, 28), (26, 28), (25, 28), (25, 29), (25, 30), (25, 30), (25, 29), (25, 28), (25, 28), (26, 28), (27, 28), (28, 28), (28, 29), (28, 30), (28, 31), (28, 32), (28, 33), (27, 33), (26, 33), (26, 34), (26, 35), (25, 35), (25, 36), (25, 37), (25, 37), (24, 37), (24, 37), (23, 37), (22, 37), (22, 38), (22, 39), (22, 40), (22, 41), (22, 42), (23, 42), (24, 42), (25, 42), (26, 42), (27, 42), (28, 42), (28, 41), (28, 41), (28, 40), (28, 39), (28, 38), (28, 37), (27, 37), (26, 37), (25, 37), (25, 38), (25, 39), (25, 39), (25, 38), (25, 37), (25, 37), (25, 36), (25, 37), (24, 37), (23, 37), (23, 37), (23, 37), (24, 37), (23, 37), (22, 37), (21, 37), (20, 37), (19, 37), (19, 37), (18, 37), (17, 37), (16, 37), (15, 37), (14, 37), (13, 37), (12, 37), (11, 37), (10, 37), (9, 37), (8, 37), (7, 37), (7, 37), (6, 37), (5, 37), (4, 37), (3, 37), (2, 37), (1, 37), (1, 38), (1, 39), (1, 40), (1, 41), (1, 42), (2, 42), (3, 42), (3, 43), (3, 42), (2, 42), (1, 42), (1, 41), (1, 40), (1, 39), (1, 38), (1, 37), (2, 37), (3, 37), (4, 37), (4, 38), (4, 39), (4, 39), (4, 38), (4, 37), (4, 37), (4, 36), (4, 35), (4, 35), (4, 35), (4, 34), (4, 33), (3, 33), (2, 33), (1, 33), (1, 32), (1, 31), (1, 30), (1, 29), (1, 28), (2, 28), (3, 28), (4, 28), (4, 29), (4, 30), (4, 29), (4, 28), (5, 28), (6, 28), (7, 28), (7, 28)]

checkpoints:
[2, 24, 41, 44, 71, 74, 95, 123, 126, 129, 151, 152, 196, 223, 226, 250, 273, 278, 294, 321, 324, 340, 367, 370, 396, 424, 427, 430, 452, 453]

escape_rollout_checkpoints:
[156801, 182948, 209071, 209071, 214456, 228841, 234001, 260239, 286532, 286532]

pomcp_rollout_checkpoints:
[633709, 1467791, 2342963, 2342963, 2342963, 3030623, 3030623, 3030623, 3030623, 3030623]

bridge_rollout_checkpoints:
[36058, 336707, 5672860, 5967794, 21839055, 28206705, 32623371, 36851011, 44737147, 45064630]

bridge_time_checkpoints:
[2.286639928817749, 17.925697088241577, 360.3800559043884, 16.78444504737854, 846.8782939910889, 417.97218680381775, 245.4555459022522, 222.8858609199524, 489.90823316574097, 18.813832998275757]

fragment_time_checkpoints:
[7.302991151809692, 9.560070991516113, 9.076308965682983, 0.0004010200500488281, 0.00027298927307128906, 7.417838096618652, 0.000141143798828125, 0.00014710426330566406, 0.00033402442932128906, 0.0005600452423095703]

escape_time_checkpoints:
[0.18477702140808105, 0.03393197059631348, 0.033396005630493164, 4.410743713378906e-05, 0.0048787593841552734, 0.01450967788696289, 0.004573822021484375, 0.03205084800720215, 0.0502169132232666, 1.6927719116210938e-05]

observed amount:
[0.044642857142857144, 0.140625, 0.140625, 0.20089285714285715, 0.27232142857142855, 0.27232142857142855, 0.28348214285714285, 0.3482142857142857, 0.3482142857142857, 0.36160714285714285, 0.40848214285714285, 0.40848214285714285, 0.47767857142857145, 0.5491071428571429, 0.5491071428571429, 0.5602678571428571, 0.6205357142857143, 0.6205357142857143, 0.6785714285714286, 0.75, 0.75, 0.8102678571428571, 0.8705357142857143, 0.8705357142857143, 0.8816964285714286, 0.9464285714285714, 0.9464285714285714, 0.9598214285714286, 1.0, 1.0]

time_arr = [9.774408102035522, 37.294108152389526, 406.78386902809143, 423.56875920295715, 1270.4522049427032, 1695.8567395210266, 1941.3170003890991, 2164.235059261322, 2654.1938433647156, 2673.0082533359528]
roll_arr = [826568, 1987446, 8224894, 8519828, 24396474, 31466169, 35887995, 40141873, 48054302, 48381785]
