0 0 0 0 0 0 0 0 0 0 0 0 0 0 0 0 0 0 0 0 0 0 0 0 0 0 0 0 0 0 0 0 0 0 0 0 0 0 0 0 0 0 0 0 0
0 2 2 2 2 2 2 2 2 2 2 2 2 2 2 2 2 2 2 2 2 2 2 2 2 2 2 2 2 2 2 2 2 2 2 2 2 2 2 2 2 2 2 2 0
0 0 0 0 0 2 0 0 0 0 0 0 0 2 0 0 0 0 0 0 0 0 2 0 0 0 0 0 0 0 0 2 0 0 0 0 0 0 0 2 0 0 0 0 0
0 2 2 2 2 2 2 2 2 2 2 2 2 2 2 2 2 2 2 2 2 2 2 2 2 2 2 2 2 2 2 2 2 2 2 2 2 2 2 2 2 2 2 2 0
0 2 0 0 0 2 0 0 0 2 0 0 0 2 0 0 0 2 2 0 0 0 2 0 0 0 2 2 0 0 0 2 0 0 0 2 0 0 0 2 0 0 0 2 0
0 2 0 0 2 2 2 0 0 2 0 0 2 2 2 0 0 2 2 0 0 2 2 2 0 0 2 2 0 0 2 2 2 0 0 2 0 0 2 2 2 0 0 2 0
0 2 0 0 0 0 0 0 0 2 0 0 0 0 0 0 0 2 2 0 0 0 0 0 0 0 2 2 0 0 0 0 0 0 0 2 0 0 0 0 0 0 0 2 0
0 2 2 2 2 2 2 2 2 2 2 2 2 2 2 2 2 2 2 2 2 2 2 2 2 2 2 2 2 2 2 2 2 2 2 2 2 2 2 2 2 2 2 2 0
0 2 2 2 2 2 2 2 2 2 2 2 2 2 2 2 2 2 2 2 2 2 2 2 2 2 2 2 2 2 2 2 2 2 2 2 2 2 2 2 2 2 2 2 0
0 0 0 0 0 2 0 0 0 0 0 0 0 2 0 0 0 0 0 0 0 0 2 0 0 0 0 0 0 0 0 2 0 0 0 0 0 0 0 2 0 0 0 0 0
0 2 2 2 2 2 2 2 2 2 2 2 2 2 2 2 2 2 2 2 2 2 2 2 2 2 2 2 2 2 2 2 2 2 2 2 2 2 2 2 2 2 2 2 0
0 2 0 0 0 2 0 0 0 2 0 0 0 2 0 0 0 2 2 0 0 0 2 0 0 0 2 2 0 0 0 2 0 0 0 2 0 0 0 2 0 0 0 2 0
0 2 0 0 2 2 2 0 0 2 0 0 2 2 2 0 0 2 2 0 0 2 2 2 0 0 2 2 0 0 2 2 2 0 0 2 0 0 2 2 2 0 0 2 0
0 2 0 0 0 0 0 0 0 2 0 0 0 0 0 0 0 2 2 0 0 0 0 0 0 0 2 2 0 0 0 0 0 0 0 2 0 0 0 0 0 0 0 2 0
0 2 2 2 2 2 2 2 2 2 2 2 2 2 2 2 2 2 2 2 2 2 2 2 2 2 2 2 2 2 2 2 2 2 2 2 2 2 2 2 2 2 2 2 0
0 2 2 2 2 2 2 2 2 2 2 2 2 2 2 2 2 2 2 2 2 2 2 2 2 2 2 2 2 2 2 2 2 2 2 2 2 2 2 2 2 2 2 2 0
0 0 0 0 0 2 0 0 0 0 0 0 0 2 0 0 0 0 0 0 0 0 2 0 0 0 0 0 0 0 0 2 0 0 0 0 0 0 0 2 0 0 0 0 0
0 2 2 2 2 2 2 2 2 2 2 2 2 2 2 2 2 2 2 2 2 2 2 2 2 2 2 2 2 2 2 2 2 2 2 2 2 2 2 2 2 2 2 2 0
0 2 0 0 0 2 0 0 0 2 0 0 0 2 0 0 0 2 2 0 0 0 2 0 0 0 2 2 0 0 0 2 0 0 0 2 0 0 0 2 0 0 0 2 0
0 2 0 0 2 2 2 0 0 2 0 0 2 2 2 0 0 2 2 0 0 2 2 2 0 0 2 2 0 0 2 2 2 0 0 2 0 0 2 2 2 0 0 2 0
0 2 0 0 0 0 0 0 0 2 0 0 0 0 0 0 0 2 2 0 0 0 0 0 0 0 2 2 0 0 0 0 0 0 0 2 0 0 0 0 0 0 0 2 0
0 2 2 2 2 2 2 2 2 2 2 2 2 2 2 2 2 2 2 2 2 2 2 2 2 2 2 2 2 2 2 2 2 2 2 2 2 2 2 2 2 2 2 2 0
0 2 2 2 2 2 2 2 2 2 2 2 2 2 2 2 2 2 2 2 2 2 2 2 2 2 2 2 2 2 2 2 2 2 2 2 2 2 2 2 2 2 2 2 0
0 0 0 0 0 2 0 0 0 0 0 0 0 2 0 0 0 0 0 0 0 0 2 0 0 0 0 0 0 0 0 2 0 0 0 0 0 0 0 2 0 0 0 0 0
0 2 2 2 2 2 2 2 2 2 2 2 2 2 2 2 2 2 2 2 2 2 2 2 2 2 2 2 2 2 2 2 2 2 2 2 2 2 2 2 2 2 2 2 0
0 2 0 0 0 2 0 0 0 2 0 0 0 2 0 0 0 2 2 0 0 0 2 0 0 0 2 2 0 0 0 2 0 0 0 2 0 0 0 2 0 0 0 2 0
0 2 0 0 2 2 2 0 0 2 0 0 2 2 2 0 0 2 2 0 0 2 2 2 0 0 2 2 0 0 2 2 2 0 0 2 0 0 2 2 2 0 0 2 0
0 2 0 0 0 0 0 0 0 2 0 0 0 0 0 0 0 2 2 0 0 0 0 0 0 0 2 2 0 0 0 0 0 0 0 2 0 0 0 0 0 0 0 2 0
0 2 2 2 2 2 2 2 2 2 2 2 2 2 2 2 2 2 2 2 2 2 2 2 2 2 2 2 2 2 2 2 2 2 2 2 2 2 2 2 2 2 2 2 0
0 0 0 0 0 0 0 0 0 0 0 0 0 0 0 0 0 0 0 0 0 0 0 0 0 0 0 0 0 0 0 0 0 0 0 0 0 0 0 0 0 0 0 0 0


Exploration result with generator call limit
agent_path:
[(24, 5), (23, 5), (22, 5), (22, 5), (23, 5), (24, 5), (25, 5), (26, 5), (25, 5), (24, 5), (24, 4), (24, 3), (24, 2), (24, 1), (25, 1), (26, 1), (27, 1), (28, 1), (28, 2), (28, 3), (28, 4), (28, 5), (28, 6), (28, 7), (28, 8), (28, 9), (28, 9), (28, 9), (28, 9), (27, 9), (26, 9), (25, 9), (24, 9), (24, 10), (24, 11), (24, 12), (24, 13), (23, 13), (22, 13), (23, 13), (24, 13), (25, 13), (26, 13), (25, 13), (24, 13), (24, 14), (24, 15), (24, 16), (24, 17), (24, 17), (24, 17), (24, 18), (24, 18), (25, 18), (26, 18), (27, 18), (28, 18), (27, 18), (26, 18), (25, 18), (24, 18), (24, 19), (24, 20), (24, 21), (24, 22), (23, 22), (22, 22), (23, 22), (24, 22), (25, 22), (26, 22), (25, 22), (24, 22), (24, 23), (24, 24), (24, 25), (24, 26), (24, 26), (24, 26), (24, 27), (24, 27), (25, 27), (26, 27), (27, 27), (28, 27), (27, 27), (26, 27), (25, 27), (24, 27), (24, 28), (24, 29), (24, 30), (24, 31), (23, 31), (22, 31), (23, 31), (24, 31), (25, 31), (26, 31), (25, 31), (24, 31), (24, 32), (24, 33), (24, 34), (24, 35), (24, 35), (24, 35), (24, 35), (25, 35), (26, 35), (27, 35), (28, 35), (27, 35), (26, 35), (25, 35), (24, 35), (24, 36), (24, 37), (24, 38), (24, 39), (23, 39), (22, 39), (23, 39), (24, 39), (25, 39), (26, 39), (25, 39), (24, 39), (24, 40), (24, 41), (24, 42), (24, 43), (24, 43), (24, 43), (24, 43), (24, 43), (24, 42), (24, 41), (24, 41), (24, 41), (24, 41), (24, 41), (24, 41), (24, 40), (24, 40), (24, 41), (24, 40), (24, 40), (24, 39), (23, 39), (22, 39), (22, 39), (21, 39), (21, 39), (21, 39), (21, 38), (21, 37), (21, 36), (21, 35), (20, 35), (19, 35), (18, 35), (17, 35), (17, 36), (17, 37), (17, 38), (17, 39), (16, 39), (15, 39), (16, 39), (17, 39), (18, 39), (19, 39), (18, 39), (17, 39), (17, 40), (17, 41), (17, 42), (17, 43), (17, 43), (17, 42), (17, 41), (17, 40), (17, 39), (16, 39), (15, 39), (15, 39), (14, 39), (14, 39), (14, 39), (14, 38), (14, 37), (14, 36), (14, 35), (13, 35), (12, 35), (11, 35), (10, 35), (10, 36), (10, 37), (10, 38), (10, 39), (9, 39), (8, 39), (9, 39), (10, 39), (11, 39), (12, 39), (11, 39), (10, 39), (10, 40), (10, 41), (10, 42), (10, 43), (10, 43), (10, 43), (10, 43), (10, 43), (11, 43), (10, 43), (10, 43), (10, 43), (10, 42), (10, 43), (11, 43), (11, 43), (11, 43), (11, 43), (12, 43), (13, 43), (14, 43), (14, 43), (13, 43), (13, 43), (12, 43), (11, 43), (11, 43), (10, 43), (10, 42), (10, 41), (10, 40), (10, 39), (9, 39), (8, 39), (7, 39), (7, 39), (7, 39), (7, 38), (7, 37), (7, 36), (7, 35), (6, 35), (5, 35), (4, 35), (3, 35), (3, 36), (3, 37), (3, 38), (3, 39), (2, 39), (1, 39), (2, 39), (3, 39), (4, 39), (5, 39), (4, 39), (3, 39), (3, 40), (3, 41), (3, 42), (3, 43), (3, 43), (3, 43), (3, 43), (3, 42), (3, 41), (3, 40), (3, 39), (3, 38), (3, 37), (3, 37), (3, 36), (3, 35), (3, 35), (3, 35), (3, 35), (4, 35), (5, 35), (6, 35), (7, 35), (7, 34), (7, 33), (7, 32), (7, 31), (7, 30), (7, 29), (7, 28), (7, 27), (6, 27), (5, 27), (4, 27), (3, 27), (3, 28), (3, 29), (3, 30), (3, 31), (2, 31), (1, 31), (2, 31), (3, 31), (4, 31), (5, 31), (5, 31), (4, 31), (3, 31), (3, 30), (3, 29), (3, 28), (3, 27), (3, 27), (3, 26), (3, 26), (3, 26), (4, 26), (5, 26), (6, 26), (7, 26), (7, 25), (7, 24), (7, 23), (7, 22), (7, 21), (7, 20), (7, 19), (7, 18), (6, 18), (5, 18), (4, 18), (3, 18), (3, 19), (3, 20), (3, 21), (3, 22), (2, 22), (1, 22), (2, 22), (3, 22), (4, 22), (5, 22), (5, 22), (5, 21), (5, 21), (5, 21), (5, 21), (5, 21), (5, 21), (5, 21), (5, 22), (4, 22), (3, 22), (3, 23), (3, 24), (3, 25), (3, 26), (3, 26), (3, 25), (3, 26), (4, 26), (5, 26), (6, 26), (7, 26), (8, 26), (8, 26), (8, 25), (8, 24), (8, 23), (8, 22), (9, 22), (10, 22), (10, 21), (10, 20), (10, 19), (10, 18), (11, 18), (12, 18), (13, 18), (14, 18), (14, 19), (14, 20), (14, 21), (14, 22), (14, 23), (14, 24), (14, 25), (14, 26), (13, 26), (13, 26), (12, 26), (11, 26), (10, 26), (10, 25), (10, 24), (10, 23), (10, 22), (11, 22), (12, 22), (12, 22), (12, 22), (11, 22), (10, 22), (10, 23), (10, 24), (10, 25), (10, 26)]

checkpoints:
[3, 26, 27, 28, 49, 50, 52, 77, 78, 80, 105, 106, 107, 132, 151, 153, 179, 186, 188, 214, 231, 245, 271, 283, 284, 312, 319, 321, 349, 364, 372, 406, 414]

escape_rollout_checkpoints:
[0, 0, 0, 0, 189485, 217063, 369678, 456348, 484238, 604579, 640352]

pomcp_rollout_checkpoints:
[690125, 1299822, 2068683, 2068683, 2068683, 2865213, 2865213, 2865213, 3764232, 3764232, 4872382]

bridge_rollout_checkpoints:
[88525, 107174, 178448, 257131, 287666, 354931, 401197, 2326659, 2362969, 2457566, 3422186]

bridge_time_checkpoints:
[15.803361892700195, 2.808708667755127, 12.1297287940979, 12.196907997131348, 4.896336078643799, 15.691556930541992, 13.258039951324463, 406.2143452167511, 5.236058950424194, 14.63568115234375, 159.00953698158264]

fragment_time_checkpoints:
[6.995518922805786, 6.943937063217163, 8.34603214263916, 0.0006108283996582031, 4.935264587402344e-05, 8.019974946975708, 0.00018286705017089844, 0.0006759166717529297, 8.79863691329956, 0.00027298927307128906, 10.80983018875122]

escape_time_checkpoints:
[1.52587890625e-05, 1.7881393432617188e-05, 6.508827209472656e-05, 7.915496826171875e-05, 0.23130297660827637, 0.0325617790222168, 0.18945908546447754, 0.11716699600219727, 0.03320193290710449, 0.1820979118347168, 0.04099106788635254]

observed amount:
[0.1853932584269663, 0.25702247191011235, 0.25702247191011235, 0.25702247191011235, 0.27247191011235955, 0.27247191011235955, 0.27247191011235955, 0.28792134831460675, 0.28792134831460675, 0.28792134831460675, 0.2991573033707865, 0.2991573033707865, 0.2991573033707865, 0.3103932584269663, 0.3103932584269663, 0.3103932584269663, 0.5070224719101124, 0.5070224719101124, 0.5070224719101124, 0.7036516853932584, 0.7036516853932584, 0.7036516853932584, 0.8398876404494382, 0.8398876404494382, 0.8398876404494382, 0.8595505617977528, 0.8595505617977528, 0.8595505617977528, 0.8792134831460674, 0.8792134831460674, 0.8792134831460674, 0.9030898876404494, 0.9030898876404494]

time_arr = [22.798896074295044, 32.55155968666077, 53.02738571166992, 65.22498369216919, 70.35267210006714, 94.09676575660706, 107.54444766044617, 513.8766357898712, 527.9445335865021, 542.7625856399536, 712.6229438781738]
roll_arr = [778650, 1406996, 2247131, 2325814, 2545834, 3437207, 3636088, 5648220, 6611439, 6826377, 8934920]
