0 0 0 0 0 0 0 0 0 0 0 0 0 0 0 0 0 0 0 0 0 0 0 0 0 0 0 0 0 0 0 0 0 0 0 0 0 0 0 0 0 0 0 0 0
0 0 0 0 0 0 2 2 2 2 2 0 0 0 0 0 0 0 0 0 2 2 2 2 2 0 0 0 0 0 0 0 0 0 2 2 2 2 2 0 0 0 0 0 0
0 0 0 0 0 2 2 0 2 0 2 2 0 0 0 0 0 0 0 2 2 0 2 0 2 2 0 0 0 0 0 0 0 2 2 0 2 0 2 2 0 0 0 0 0
0 0 0 0 2 2 0 0 2 0 0 2 2 0 0 0 0 0 2 2 0 0 2 0 0 2 2 0 0 0 0 0 2 2 0 0 2 0 0 2 2 0 0 0 0
0 0 0 2 2 0 0 2 2 2 0 0 2 2 0 0 0 2 2 0 0 2 2 2 0 0 2 2 0 0 0 2 2 0 0 2 2 2 0 0 2 2 0 0 0
0 0 2 2 0 0 2 2 2 2 2 0 0 2 2 0 2 2 0 0 2 2 2 2 2 0 0 2 2 0 2 2 0 0 2 2 2 2 2 0 0 2 2 0 0
0 2 2 0 0 2 2 0 0 0 2 2 0 0 2 2 2 0 0 2 2 0 0 0 2 2 0 0 2 2 2 0 0 2 2 0 0 0 2 2 0 0 2 2 0
0 2 0 0 2 2 2 0 0 0 2 2 2 0 0 2 0 0 2 2 2 0 0 0 2 2 2 0 0 2 0 0 2 2 2 0 0 0 2 2 2 0 0 2 0
0 2 0 0 0 2 2 0 0 0 2 2 0 0 0 2 0 0 0 2 2 0 0 0 2 2 0 0 0 2 0 0 0 2 2 0 0 0 2 2 0 0 0 2 0
0 2 2 0 0 0 2 0 0 0 2 0 0 0 2 2 2 0 0 0 2 0 0 0 2 0 0 0 2 2 2 0 0 0 2 0 0 0 2 0 0 0 2 2 0
0 0 2 2 0 0 2 2 2 2 2 0 0 2 2 0 2 2 0 0 2 2 2 2 2 0 0 2 2 0 2 2 0 0 2 2 2 2 2 0 0 2 2 0 0
0 0 0 2 2 0 0 2 2 2 0 0 2 2 0 0 0 2 2 0 0 2 2 2 0 0 2 2 0 0 0 2 2 0 0 2 2 2 0 0 2 2 0 0 0
0 0 0 0 2 2 0 0 2 0 0 2 2 0 0 0 0 0 2 2 0 0 2 0 0 2 2 0 0 0 0 0 2 2 0 0 2 0 0 2 2 0 0 0 0
0 0 0 0 0 2 2 0 2 0 2 2 0 0 0 0 0 0 0 2 2 0 2 0 2 2 0 0 0 0 0 0 0 2 2 0 2 0 2 2 0 0 0 0 0
0 0 0 0 0 0 2 2 2 2 2 0 0 0 0 0 0 0 0 0 2 2 2 2 2 0 0 0 0 0 0 0 0 0 2 2 2 2 2 0 0 0 0 0 0
0 0 0 0 0 0 2 2 2 2 2 0 0 0 0 0 0 0 0 0 2 2 2 2 2 0 0 0 0 0 0 0 0 0 2 2 2 2 2 0 0 0 0 0 0
0 0 0 0 0 2 2 0 2 0 2 2 0 0 0 0 0 0 0 2 2 0 2 0 2 2 0 0 0 0 0 0 0 2 2 0 2 0 2 2 0 0 0 0 0
0 0 0 0 2 2 0 0 2 0 0 2 2 0 0 0 0 0 2 2 0 0 2 0 0 2 2 0 0 0 0 0 2 2 0 0 2 0 0 2 2 0 0 0 0
0 0 0 2 2 0 0 2 2 2 0 0 2 2 0 0 0 2 2 0 0 2 2 2 0 0 2 2 0 0 0 2 2 0 0 2 2 2 0 0 2 2 0 0 0
0 0 2 2 0 0 2 2 2 2 2 0 0 2 2 0 2 2 0 0 2 2 2 2 2 0 0 2 2 0 2 2 0 0 2 2 2 2 2 0 0 2 2 0 0
0 2 2 0 0 2 2 0 0 0 2 2 0 0 2 2 2 0 0 2 2 0 0 0 2 2 0 0 2 2 2 0 0 2 2 0 0 0 2 2 0 0 2 2 0
0 2 0 0 2 2 2 0 0 0 2 2 2 0 0 2 0 0 2 2 2 0 0 0 2 2 2 0 0 2 0 0 2 2 2 0 0 0 2 2 2 0 0 2 0
0 2 0 0 0 2 2 0 0 0 2 2 0 0 0 2 0 0 0 2 2 0 0 0 2 2 0 0 0 2 0 0 0 2 2 0 0 0 2 2 0 0 0 2 0
0 2 2 0 0 0 2 0 0 0 2 0 0 0 2 2 2 0 0 0 2 0 0 0 2 0 0 0 2 2 2 0 0 0 2 0 0 0 2 0 0 0 2 2 0
0 0 2 2 0 0 2 2 2 2 2 0 0 2 2 0 2 2 0 0 2 2 2 2 2 0 0 2 2 0 2 2 0 0 2 2 2 2 2 0 0 2 2 0 0
0 0 0 2 2 0 0 2 2 2 0 0 2 2 0 0 0 2 2 0 0 2 2 2 0 0 2 2 0 0 0 2 2 0 0 2 2 2 0 0 2 2 0 0 0
0 0 0 0 2 2 0 0 2 0 0 2 2 0 0 0 0 0 2 2 0 0 2 0 0 2 2 0 0 0 0 0 2 2 0 0 2 0 0 2 2 0 0 0 0
0 0 0 0 0 2 2 0 2 0 2 2 0 0 0 0 0 0 0 2 2 0 2 0 2 2 0 0 0 0 0 0 0 2 2 0 2 0 2 2 0 0 0 0 0
0 0 0 0 0 0 2 2 2 2 2 0 0 0 0 0 0 0 0 0 2 2 2 2 2 0 0 0 0 0 0 0 0 0 2 2 2 2 2 0 0 0 0 0 0
0 0 0 0 0 0 0 0 0 0 0 0 0 0 0 0 0 0 0 0 0 0 0 0 0 0 0 0 0 0 0 0 0 0 0 0 0 0 0 0 0 0 0 0 0


Exploration result with generator call limit
agent_path:
[(25, 8), (26, 8), (27, 8), (28, 8), (28, 8), (28, 8), (28, 9), (28, 9), (28, 8), (27, 8), (27, 8), (26, 8), (26, 8), (25, 8), (25, 9), (24, 9), (24, 10), (23, 10), (22, 10), (22, 11), (22, 11), (22, 11), (21, 11), (20, 11), (20, 10), (19, 10), (19, 9), (19, 8), (19, 7), (19, 6), (19, 6), (20, 6), (20, 5), (20, 5), (21, 5), (21, 4), (21, 5), (22, 5), (22, 6), (21, 6), (20, 6), (19, 6), (19, 7), (18, 7), (18, 8), (17, 8), (16, 8), (15, 8), (15, 8), (15, 9), (15, 10), (16, 10), (16, 11), (17, 11), (17, 12), (17, 12), (18, 12), (18, 13), (19, 13), (19, 14), (20, 14), (20, 15), (21, 15), (21, 15), (22, 15), (22, 15), (23, 15), (23, 14), (23, 15), (23, 14), (24, 14), (24, 13), (25, 13), (25, 12), (26, 12), (26, 11), (27, 11), (27, 10), (28, 10), (28, 9), (28, 8), (28, 7), (28, 6), (27, 6), (27, 5), (26, 5), (26, 4), (25, 4), (25, 3), (24, 3), (24, 2), (23, 2), (23, 1), (22, 1), (21, 1), (20, 1), (20, 2), (19, 2), (19, 3), (18, 3), (18, 4), (17, 4), (17, 5), (16, 5), (16, 5), (16, 6), (15, 6), (15, 6), (14, 6), (14, 6), (14, 7), (14, 8), (14, 8), (13, 8), (12, 8), (11, 8), (10, 8), (10, 9), (10, 10), (10, 9), (10, 8), (10, 7), (10, 6), (9, 6), (8, 6), (7, 6), (6, 6), (5, 6), (5, 6), (5, 7), (5, 8), (4, 8), (3, 8), (2, 8), (1, 8), (1, 7), (1, 7), (1, 7), (1, 6), (2, 6), (2, 5), (3, 5), (3, 4), (4, 4), (4, 3), (5, 3), (5, 2), (6, 2), (6, 1), (6, 1), (7, 1), (8, 1), (8, 1), (9, 1), (9, 2), (10, 2), (10, 3), (11, 3), (11, 3), (11, 4), (12, 4), (12, 5), (13, 5), (13, 6), (14, 6), (14, 7), (14, 8), (14, 9), (14, 9), (14, 10), (13, 10), (13, 11), (12, 11), (12, 12), (11, 12), (11, 13), (10, 13), (10, 14), (9, 14), (9, 15), (8, 15), (7, 15), (6, 15), (6, 14), (5, 14), (5, 13), (4, 13), (4, 12), (3, 12), (3, 11), (2, 11), (2, 10), (2, 10), (1, 10), (1, 9), (1, 8), (2, 8), (3, 8), (4, 8), (4, 9), (5, 9), (5, 10), (6, 10), (7, 10), (7, 10), (8, 10), (9, 10), (10, 10), (10, 10), (10, 10), (10, 10), (10, 9), (10, 8), (11, 8), (12, 8), (13, 8), (14, 8), (14, 8), (14, 9), (14, 10), (14, 10), (13, 10), (13, 11), (12, 11), (12, 12), (11, 12), (11, 13), (10, 13), (10, 14), (9, 14), (9, 15), (9, 15), (9, 15), (9, 16), (10, 16), (10, 16), (10, 17), (11, 17), (11, 17), (11, 18), (11, 18), (11, 18), (12, 18), (12, 19), (13, 19), (13, 20), (14, 20), (14, 21), (14, 22), (13, 22), (12, 22), (11, 22), (11, 23), (10, 23), (10, 24), (9, 24), (8, 24), (8, 24), (8, 24), (7, 24), (6, 24), (5, 24), (5, 23), (5, 22), (5, 21), (5, 20), (6, 20), (6, 20), (7, 20), (6, 20), (5, 20), (5, 21), (5, 21), (5, 22), (4, 22), (3, 22), (2, 22), (1, 22), (1, 23), (1, 24), (2, 24), (2, 25), (3, 25), (3, 26), (4, 26), (4, 27), (5, 27), (5, 27), (5, 28), (6, 28), (6, 29), (7, 29), (8, 29), (9, 29), (9, 28), (10, 28), (10, 27), (11, 27), (11, 27), (11, 26), (12, 26), (12, 25), (13, 25), (13, 25), (13, 25), (13, 24), (13, 24), (13, 24), (14, 24), (14, 24), (14, 23), (14, 24), (14, 24), (14, 23), (14, 22), (14, 21), (14, 20), (13, 20), (13, 19), (12, 19), (12, 18), (12, 18), (11, 18), (11, 17), (10, 17), (10, 16), (9, 16), (9, 15), (8, 15), (7, 15), (6, 15), (6, 16), (5, 16), (5, 17), (4, 17), (4, 18), (3, 18), (3, 19), (2, 19), (2, 19), (2, 19), (3, 19), (3, 18), (4, 18), (4, 17), (5, 17), (5, 16), (6, 16), (6, 15), (6, 15), (6, 15), (7, 15), (7, 15), (8, 15), (9, 15), (9, 16), (10, 16), (10, 17), (11, 17), (11, 18), (12, 18), (12, 19), (13, 19), (13, 20), (14, 20), (15, 20), (15, 20), (15, 20), (16, 20), (16, 20), (16, 20), (15, 20), (15, 21), (15, 22), (16, 22), (17, 22), (18, 22), (19, 22), (19, 23), (19, 24), (20, 24), (21, 24), (22, 24), (23, 24), (24, 24), (24, 23), (24, 22), (24, 21), (24, 21), (24, 20), (23, 20), (23, 20), (23, 20), (22, 20), (23, 20), (24, 20), (23, 20), (23, 20), (23, 20), (22, 20), (23, 20), (23, 20), (23, 20), (24, 20), (24, 20), (24, 21), (25, 21), (25, 21), (25, 22), (26, 22), (27, 22), (28, 22), (28, 23), (28, 24), (27, 24), (27, 24), (27, 25), (27, 25), (26, 25), (26, 26), (25, 26), (25, 27), (24, 27), (24, 28), (23, 28), (23, 28), (23, 29), (22, 29), (21, 29), (20, 29), (20, 28), (19, 28), (19, 28), (19, 27), (18, 27), (18, 27), (18, 26), (17, 26), (17, 25), (17, 25), (16, 25), (16, 24), (15, 24), (15, 23), (15, 22), (15, 21), (15, 21), (15, 20), (16, 20), (16, 19), (17, 19), (17, 18), (18, 18), (18, 17), (19, 17), (19, 16), (20, 16), (20, 15), (21, 15), (22, 15), (23, 15), (23, 16), (24, 16), (24, 17), (25, 17), (25, 18), (26, 18), (26, 19), (27, 19), (27, 19), (27, 20), (27, 20), (28, 20), (28, 21), (28, 22), (27, 22), (26, 22), (25, 22), (25, 21), (24, 21), (24, 20), (23, 20), (22, 20), (21, 20), (21, 20), (20, 20), (19, 20), (19, 21), (19, 22), (18, 22), (18, 21), (18, 22), (18, 23), (18, 22), (17, 22), (16, 22), (15, 22), (15, 22), (14, 22), (14, 23), (15, 23), (15, 24), (16, 24), (16, 25), (17, 25), (17, 26), (18, 26), (18, 27), (19, 27), (19, 28), (20, 28), (20, 29), (20, 29), (20, 30), (19, 30), (19, 30), (19, 30), (19, 31), (18, 31), (18, 32), (17, 32), (17, 33), (16, 33), (16, 34), (15, 34), (15, 35), (15, 36), (16, 36), (17, 36), (18, 36), (19, 36), (19, 35), (19, 34), (20, 34), (19, 34), (19, 34), (20, 34), (21, 34), (22, 34), (23, 34), (24, 34), (24, 35), (24, 36), (24, 37), (24, 38), (23, 38), (22, 38), (22, 39), (21, 39), (20, 39), (21, 39), (22, 39), (22, 38), (23, 38), (23, 38), (24, 38), (24, 37), (25, 37), (25, 37), (25, 36), (26, 36), (27, 36), (28, 36), (28, 37), (28, 38), (27, 38), (27, 39), (26, 39), (26, 40), (25, 40), (25, 41), (24, 41), (24, 42), (23, 42), (23, 43), (23, 43), (22, 43), (21, 43), (20, 43), (20, 42), (19, 42), (19, 41), (18, 41), (18, 40), (17, 40), (17, 39), (16, 39), (16, 39), (16, 38), (15, 38), (15, 38), (15, 37), (15, 38), (15, 38), (15, 37), (15, 37), (15, 36), (15, 35), (15, 35), (15, 34), (16, 34), (16, 34), (16, 33), (17, 33), (17, 32), (17, 32), (18, 32), (18, 31), (19, 31), (19, 30), (20, 30), (20, 29), (21, 29), (22, 29), (23, 29), (23, 30), (24, 30), (24, 31), (25, 31), (25, 32), (26, 32), (26, 33), (27, 33), (27, 33), (26, 33), (26, 32), (25, 32), (25, 32), (25, 31), (25, 31), (24, 31), (24, 30), (23, 30), (23, 29), (23, 29), (22, 29), (21, 29), (20, 29), (20, 30), (20, 30), (19, 30), (19, 31), (18, 31), (18, 32), (17, 32), (17, 33), (16, 33), (16, 34), (15, 34), (14, 34), (14, 34), (14, 35), (14, 36), (14, 36), (13, 36), (12, 36), (11, 36), (10, 36), (10, 37), (10, 38), (10, 37), (10, 36), (10, 35), (10, 34), (9, 34), (8, 34), (7, 34), (6, 34), (5, 34), (5, 34), (5, 35), (5, 36), (4, 36), (3, 36), (2, 36), (1, 36), (1, 35), (1, 35), (1, 35), (1, 34), (2, 34), (2, 33), (3, 33), (3, 32), (4, 32), (4, 31), (5, 31), (5, 30), (6, 30), (6, 29), (6, 29), (7, 29), (8, 29), (8, 29), (9, 29), (9, 30), (10, 30), (10, 31), (11, 31), (11, 31), (11, 32), (12, 32), (12, 33), (13, 33), (13, 34), (14, 34), (14, 35), (14, 36), (14, 37), (14, 37), (14, 38), (13, 38), (13, 39), (12, 39), (12, 40), (11, 40), (11, 41), (10, 41), (10, 42), (9, 42), (9, 43), (8, 43), (7, 43), (6, 43), (6, 42), (5, 42), (5, 41), (4, 41), (4, 40), (3, 40), (3, 39), (2, 39), (2, 38), (2, 38), (1, 38), (1, 37), (1, 36), (2, 36), (3, 36), (4, 36), (4, 37), (5, 37), (5, 38), (6, 38), (7, 38), (7, 38), (8, 38), (8, 38), (9, 38), (10, 38), (10, 37), (10, 36), (10, 36), (11, 36), (12, 36), (12, 36), (13, 36), (14, 36)]

checkpoints:
[4, 104, 107, 109, 204, 217, 231, 339, 349, 366, 484, 497, 512, 623, 634, 650, 745, 758]

escape_rollout_checkpoints:
[22143, 120915, 296776, 389038, 454832, 550047]

pomcp_rollout_checkpoints:
[7919923, 15480084, 24157196, 33593505, 42579965, 42579965]

bridge_rollout_checkpoints:
[432131, 547041, 4281477, 9397948, 13588810, 18230690]

bridge_time_checkpoints:
[18.678519010543823, 3.898247003555298, 117.70933103561401, 129.70522904396057, 140.22699117660522, 117.27892804145813]

fragment_time_checkpoints:
[79.15577006340027, 70.46277475357056, 76.44766998291016, 88.95255613327026, 83.82256817817688, 0.0026311874389648438]

escape_time_checkpoints:
[0.03145194053649902, 0.117095947265625, 0.23570513725280762, 0.1085669994354248, 0.08033466339111328, 0.11597895622253418]

observed amount:
[0.02480916030534351, 0.1965648854961832, 0.1984732824427481, 0.1984732824427481, 0.3549618320610687, 0.3549618320610687, 0.3549618320610687, 0.5400763358778626, 0.5400763358778626, 0.5400763358778626, 0.683206106870229, 0.683206106870229, 0.683206106870229, 0.8625954198473282, 0.8625954198473282, 0.8625954198473282, 1.0, 1.0]

time_arr = [97.86574101448059, 172.34385871887207, 366.73656487464905, 585.5029170513153, 809.6328110694885, 927.0303492546082]
roll_arr = [8374197, 16148040, 28735449, 43380491, 56623607, 61360702]
