0 0 0 0 0 0 0 0 0 0 0 0 0 0 0 0 0 0 0 0 0 0 0 0 0 0 0 0 0 0 0 0 0 0 0 0 0 0 0 0 0 0 0 0 0
0 0 2 2 2 2 2 2 2 2 2 0 0 2 2 2 2 2 2 2 2 2 0 0 2 2 2 2 2 2 2 2 2 0 0 2 2 2 2 2 2 2 2 2 0
0 2 2 2 2 2 2 2 2 2 2 0 2 2 2 2 2 2 2 2 2 2 0 2 2 2 2 2 2 2 2 2 2 0 2 2 2 2 2 2 2 2 2 2 0
0 2 2 2 0 0 0 0 0 2 2 0 2 2 2 0 0 0 0 0 2 2 0 2 2 2 0 0 0 0 0 2 2 0 2 2 2 0 0 0 0 0 2 2 0
0 2 2 2 0 2 2 2 2 2 2 2 2 2 2 0 2 2 2 2 2 2 2 2 2 2 0 2 2 2 2 2 2 2 2 2 2 0 2 2 2 2 2 2 0
0 2 2 2 0 2 2 2 0 2 2 2 2 2 2 0 2 2 2 0 2 2 2 2 2 2 0 2 2 2 0 2 2 2 2 2 2 0 2 2 2 0 2 2 0
0 2 2 2 0 2 2 2 2 2 2 2 2 2 2 0 2 2 2 2 2 2 2 2 2 2 0 2 2 2 2 2 2 2 2 2 2 0 2 2 2 2 2 2 0
0 2 2 2 0 0 0 0 0 2 2 0 2 2 2 0 0 0 0 0 2 2 0 2 2 2 0 0 0 0 0 2 2 0 2 2 2 0 0 0 0 0 2 2 0
0 2 2 2 2 2 2 2 2 2 2 0 2 2 2 2 2 2 2 2 2 2 0 2 2 2 2 2 2 2 2 2 2 0 2 2 2 2 2 2 2 2 2 2 0
0 0 2 2 2 2 2 2 2 2 2 0 0 2 2 2 2 2 2 2 2 2 0 0 2 2 2 2 2 2 2 2 2 0 0 2 2 2 2 2 2 2 2 2 0
0 0 0 0 0 0 0 0 0 0 2 0 0 0 0 0 0 0 0 0 0 2 0 0 0 0 0 0 0 0 0 0 2 0 0 0 0 0 0 0 0 0 0 2 0
0 0 2 2 2 2 2 2 2 2 2 0 0 2 2 2 2 2 2 2 2 2 0 0 2 2 2 2 2 2 2 2 2 0 0 2 2 2 2 2 2 2 2 2 0
0 2 2 2 2 2 2 2 2 2 2 0 2 2 2 2 2 2 2 2 2 2 0 2 2 2 2 2 2 2 2 2 2 0 2 2 2 2 2 2 2 2 2 2 0
0 2 2 2 0 0 0 0 0 2 2 0 2 2 2 0 0 0 0 0 2 2 0 2 2 2 0 0 0 0 0 2 2 0 2 2 2 0 0 0 0 0 2 2 0
0 2 2 2 0 2 2 2 2 2 2 2 2 2 2 0 2 2 2 2 2 2 2 2 2 2 0 2 2 2 2 2 2 2 2 2 2 0 2 2 2 2 2 2 0
0 2 2 2 0 2 2 2 0 2 2 2 2 2 2 0 2 2 2 0 2 2 2 2 2 2 0 2 2 2 0 2 2 2 2 2 2 0 2 2 2 0 2 2 0
0 2 2 2 0 2 2 2 2 2 2 2 2 2 2 0 2 2 2 2 2 2 2 2 2 2 0 2 2 2 2 2 2 2 2 2 2 0 2 2 2 2 2 2 0
0 2 2 2 0 0 0 0 0 2 2 0 2 2 2 0 0 0 0 0 2 2 0 2 2 2 0 0 0 0 0 2 2 0 2 2 2 0 0 0 0 0 2 2 0
0 2 2 2 2 2 2 2 2 2 2 0 2 2 2 2 2 2 2 2 2 2 0 2 2 2 2 2 2 2 2 2 2 0 2 2 2 2 2 2 2 2 2 2 0
0 0 2 2 2 2 2 2 2 2 2 0 0 2 2 2 2 2 2 2 2 2 0 0 2 2 2 2 2 2 2 2 2 0 0 2 2 2 2 2 2 2 2 2 0
0 0 0 0 0 0 0 0 0 0 2 0 0 0 0 0 0 0 0 0 0 2 0 0 0 0 0 0 0 0 0 0 2 0 0 0 0 0 0 0 0 0 0 2 0
0 0 2 2 2 2 2 2 2 2 2 0 0 2 2 2 2 2 2 2 2 2 0 0 2 2 2 2 2 2 2 2 2 0 0 2 2 2 2 2 2 2 2 2 0
0 2 2 2 2 2 2 2 2 2 2 0 2 2 2 2 2 2 2 2 2 2 0 2 2 2 2 2 2 2 2 2 2 0 2 2 2 2 2 2 2 2 2 2 0
0 2 2 2 0 0 0 0 0 2 2 0 2 2 2 0 0 0 0 0 2 2 0 2 2 2 0 0 0 0 0 2 2 0 2 2 2 0 0 0 0 0 2 2 0
0 2 2 2 0 2 2 2 2 2 2 2 2 2 2 0 2 2 2 2 2 2 2 2 2 2 0 2 2 2 2 2 2 2 2 2 2 0 2 2 2 2 2 2 0
0 2 2 2 0 2 2 2 0 2 2 2 2 2 2 0 2 2 2 0 2 2 2 2 2 2 0 2 2 2 0 2 2 2 2 2 2 0 2 2 2 0 2 2 0
0 2 2 2 0 2 2 2 2 2 2 2 2 2 2 0 2 2 2 2 2 2 2 2 2 2 0 2 2 2 2 2 2 2 2 2 2 0 2 2 2 2 2 2 0
0 2 2 2 0 0 0 0 0 2 2 0 2 2 2 0 0 0 0 0 2 2 0 2 2 2 0 0 0 0 0 2 2 0 2 2 2 0 0 0 0 0 2 2 0
0 2 2 2 2 2 2 2 2 2 2 0 2 2 2 2 2 2 2 2 2 2 0 2 2 2 2 2 2 2 2 2 2 0 2 2 2 2 2 2 2 2 2 2 0
0 0 2 2 2 2 2 2 2 2 2 0 0 2 2 2 2 2 2 2 2 2 0 0 2 2 2 2 2 2 2 2 2 0 0 2 2 2 2 2 2 2 2 2 0


Exploration result with generator call limit
agent_path:
[(25, 6), (25, 7), (26, 7), (26, 8), (26, 9), (26, 10), (26, 10), (26, 10), (27, 10), (28, 10), (27, 10), (26, 10), (25, 10), (24, 10), (23, 10), (22, 10), (22, 9), (22, 8), (22, 7), (22, 6), (22, 5), (22, 4), (22, 3), (22, 4), (22, 5), (22, 6), (22, 7), (22, 8), (22, 9), (23, 9), (24, 9), (24, 8), (24, 7), (24, 7), (24, 7), (24, 8), (24, 8), (24, 9), (24, 10), (24, 10), (24, 11), (24, 12), (24, 12), (23, 12), (23, 13), (22, 13), (22, 14), (22, 15), (21, 15), (21, 16), (21, 17), (21, 18), (21, 19), (21, 20), (22, 20), (23, 20), (24, 20), (25, 20), (26, 20), (27, 20), (28, 20), (27, 20), (26, 20), (26, 19), (26, 18), (26, 18), (26, 19), (26, 19), (26, 20), (25, 20), (25, 21), (25, 21), (25, 22), (25, 23), (25, 23), (25, 23), (25, 23), (25, 24), (26, 24), (27, 24), (28, 24), (28, 25), (28, 26), (28, 27), (28, 28), (28, 29), (28, 30), (28, 31), (27, 31), (26, 31), (25, 31), (24, 31), (23, 31), (22, 31), (23, 31), (24, 31), (24, 30), (24, 29), (24, 29), (24, 30), (24, 31), (24, 32), (24, 32), (24, 33), (24, 34), (24, 34), (23, 34), (23, 35), (22, 35), (22, 36), (22, 37), (21, 37), (21, 38), (21, 39), (21, 40), (21, 41), (21, 42), (22, 42), (23, 42), (24, 42), (25, 42), (26, 42), (27, 42), (28, 42), (27, 42), (26, 42), (26, 41), (26, 40), (26, 40), (26, 41), (26, 42), (25, 42), (24, 42), (23, 42), (22, 42), (21, 42), (21, 42), (21, 41), (21, 41), (21, 40), (21, 40), (21, 39), (21, 38), (21, 38), (21, 38), (22, 38), (22, 37), (22, 36), (23, 36), (24, 36), (25, 36), (25, 36), (25, 35), (25, 34), (25, 34), (25, 33), (25, 32), (24, 32), (23, 32), (22, 32), (21, 32), (20, 32), (19, 32), (19, 32), (19, 32), (18, 32), (17, 32), (16, 32), (15, 32), (14, 32), (13, 32), (12, 32), (12, 31), (12, 30), (12, 29), (12, 28), (12, 27), (12, 26), (12, 25), (12, 26), (12, 27), (12, 28), (12, 29), (12, 30), (12, 31), (13, 31), (14, 31), (14, 30), (14, 29), (14, 29), (15, 29), (15, 28), (14, 28), (14, 29), (15, 29), (15, 29), (14, 29), (14, 30), (14, 30), (14, 30), (14, 31), (14, 32), (14, 32), (14, 33), (14, 34), (14, 34), (13, 34), (13, 35), (12, 35), (12, 36), (12, 37), (11, 37), (11, 38), (11, 39), (11, 40), (11, 41), (11, 42), (12, 42), (13, 42), (14, 42), (15, 42), (16, 42), (17, 42), (18, 42), (17, 42), (16, 42), (16, 41), (16, 40), (16, 40), (16, 41), (16, 42), (17, 42), (18, 42), (18, 41), (18, 40), (18, 40), (19, 40), (19, 40), (19, 41), (19, 40), (19, 39), (18, 39), (19, 39), (19, 38), (18, 38), (18, 37), (18, 37), (18, 36), (18, 35), (18, 34), (17, 34), (16, 34), (16, 34), (16, 33), (16, 32), (15, 32), (14, 32), (13, 32), (12, 32), (11, 32), (10, 32), (9, 32), (9, 32), (9, 32), (8, 32), (7, 32), (6, 32), (5, 32), (4, 32), (3, 32), (2, 32), (2, 31), (2, 30), (2, 29), (2, 28), (2, 27), (2, 26), (2, 25), (2, 26), (2, 27), (2, 28), (2, 29), (2, 30), (2, 31), (3, 31), (4, 31), (4, 30), (4, 29), (4, 29), (4, 30), (4, 31), (5, 31), (6, 31), (6, 32), (6, 32), (6, 33), (6, 34), (6, 34), (7, 34), (8, 34), (8, 35), (8, 34), (7, 34), (7, 34), (6, 34), (5, 34), (4, 34), (3, 34), (2, 34), (2, 35), (2, 36), (2, 37), (2, 38), (2, 39), (2, 40), (2, 41), (2, 42), (3, 42), (4, 42), (4, 41), (4, 40), (5, 40), (6, 40), (6, 40), (6, 41), (6, 42), (7, 42), (6, 42), (7, 42), (8, 42), (8, 41), (9, 41), (9, 41), (9, 41), (9, 40), (9, 39), (9, 38), (9, 37), (9, 36), (8, 36), (7, 36), (6, 36), (5, 36), (4, 36), (5, 36), (5, 36), (5, 35), (5, 34), (5, 34), (5, 35), (5, 34), (5, 33), (6, 33), (6, 32), (6, 31), (7, 31), (8, 31), (8, 30), (8, 29), (8, 28), (8, 27), (8, 26), (8, 25), (8, 24), (7, 24), (6, 24), (6, 23), (6, 22), (6, 21), (6, 21), (6, 21), (7, 21), (8, 21), (7, 21), (6, 21), (5, 21), (4, 21), (3, 21), (2, 21), (2, 20), (2, 19), (2, 18), (2, 17), (2, 16), (2, 15), (2, 14), (2, 15), (2, 16), (2, 17), (2, 18), (2, 19), (2, 20), (3, 20), (4, 20), (4, 19), (4, 18), (4, 18), (4, 19), (4, 20), (4, 21), (4, 21), (5, 21), (6, 21), (7, 21), (8, 21), (9, 21), (10, 21), (11, 21), (11, 21), (11, 20), (12, 20), (13, 20), (14, 20), (15, 20), (16, 20), (17, 20), (18, 20), (18, 19), (18, 18), (18, 17), (18, 16), (18, 15), (18, 14), (18, 15), (18, 16), (18, 17), (18, 18), (18, 19), (18, 20), (17, 20), (16, 20), (16, 19), (16, 18), (16, 18), (15, 18), (16, 18), (16, 18), (16, 19), (16, 20), (16, 21), (16, 21), (17, 21), (18, 21), (18, 20), (18, 19), (18, 19), (18, 18), (18, 17), (18, 16), (18, 15), (18, 14), (17, 14), (16, 14), (16, 13), (16, 12), (16, 11), (16, 10), (16, 10), (16, 10), (17, 10), (18, 10), (17, 10), (16, 10), (15, 10), (14, 10), (13, 10), (12, 10), (12, 9), (12, 8), (12, 7), (12, 6), (12, 5), (12, 4), (12, 3), (12, 4), (12, 5), (12, 6), (12, 7), (12, 8), (12, 9), (13, 9), (14, 9), (14, 8), (14, 7), (14, 7), (14, 8), (14, 9), (14, 10)]

checkpoints:
[6, 33, 39, 42, 65, 71, 74, 98, 102, 105, 128, 154, 163, 189, 202, 205, 228, 252, 262, 288, 294, 297, 323, 348, 369, 396, 400, 408, 433, 440, 457, 484, 488]

escape_rollout_checkpoints:
[20364, 40832, 50111, 381081, 471638, 766418, 786761, 1100105, 1109364, 1136795, 1146049]

pomcp_rollout_checkpoints:
[1435935, 2541953, 3684358, 3684358, 5081775, 5081775, 5081775, 6358582, 6358582, 7692689, 7692689]

bridge_rollout_checkpoints:
[309929, 597718, 906079, 1192814, 4865421, 5124743, 8919340, 9220835, 19206402, 22022947, 29405570]

bridge_time_checkpoints:
[44.45471501350403, 58.411898136138916, 62.264897108078, 58.14646577835083, 702.0935962200165, 54.803627014160156, 742.797444820404, 61.04291081428528, 1918.0519409179688, 565.5687298774719, 1419.7715899944305]

fragment_time_checkpoints:
[33.300140142440796, 27.160884857177734, 27.59083580970764, 0.0007841587066650391, 33.67340803146362, 0.0005338191986083984, 0.0006787776947021484, 31.405099868774414, 0.0007638931274414062, 31.344307899475098, 0.0007302761077880859]

escape_time_checkpoints:
[0.021746158599853516, 0.02152395248413086, 0.009306669235229492, 0.4133129119873047, 0.10689687728881836, 0.3695857524871826, 0.02232813835144043, 0.38843297958374023, 0.009119033813476562, 0.030408859252929688, 0.009304046630859375]

observed amount:
[0.06500541711809317, 0.11484290357529794, 0.11484290357529794, 0.12784398699891658, 0.2199349945828819, 0.2199349945828819, 0.23293607800650054, 0.3250270855904659, 0.3250270855904659, 0.3380281690140845, 0.4171180931744312, 0.4171180931744312, 0.4420368364030336, 0.5005417118093174, 0.5005417118093174, 0.5135427952329361, 0.5612134344528711, 0.5612134344528711, 0.5861321776814734, 0.6446370530877573, 0.6446370530877573, 0.6576381365113759, 0.7053087757313109, 0.7053087757313109, 0.7226435536294691, 0.7789815817984832, 0.7789815817984832, 0.8039003250270856, 0.8526543878656555, 0.8526543878656555, 0.8699891657638137, 0.9263271939328277, 0.9263271939328277]

time_arr = [77.77660131454468, 163.37090826034546, 253.23594784736633, 311.79651069641113, 1047.67041182518, 1102.844158411026, 1845.6646101474762, 1938.5010538101196, 3856.5628776550293, 4453.506324291229, 5873.287948608398]
roll_arr = [1766228, 3180503, 4640548, 5258253, 10418834, 10972936, 14787876, 16679522, 26674348, 30852431, 38244308]
