0 0 0 0 0 0 0 0 0 0 0 0 0 0 0 0 0 0 0 0 0 0 0 0 0 0 0 0 0 0 0 0 0 0 0 0 0 0 0 0 0 0 0 0 0
0 0 0 0 0 0 0 0 0 0 0 0 0 0 0 0 0 0 0 0 0 0 0 0 0 0 0 0 0 0 0 0 0 0 0 0 0 0 0 0 0 0 0 0 0
2 2 2 2 2 2 2 2 0 2 2 2 2 2 2 2 2 0 2 2 2 2 2 2 2 2 0 2 2 2 2 2 2 2 2 0 2 2 2 2 2 2 2 2 0
2 0 2 0 0 0 0 2 0 2 0 2 0 0 0 0 2 0 2 0 2 0 0 0 0 2 0 2 0 2 0 0 0 0 2 0 2 0 2 0 0 0 0 2 0
2 0 2 2 2 2 0 2 0 2 0 2 2 2 2 0 2 0 2 0 2 2 2 2 0 2 0 2 0 2 2 2 2 0 2 0 2 0 2 2 2 2 0 2 0
2 0 2 0 0 2 0 2 0 2 0 2 0 0 2 0 2 0 2 0 2 0 0 2 0 2 0 2 0 2 0 0 2 0 2 0 2 0 2 0 0 2 0 2 0
2 0 2 0 0 2 0 2 0 2 0 2 0 0 2 0 2 0 2 0 2 0 0 2 0 2 0 2 0 2 0 0 2 0 2 0 2 0 2 0 0 2 0 2 0
2 0 2 0 0 2 0 2 0 2 0 2 0 0 2 0 2 0 2 0 2 0 0 2 0 2 0 2 0 2 0 0 2 0 2 0 2 0 2 0 0 2 0 2 0
2 0 2 2 2 2 0 2 0 2 0 2 2 2 2 0 2 0 2 0 2 2 2 2 0 2 0 2 0 2 2 2 2 0 2 0 2 0 2 2 2 2 0 2 0
2 0 2 0 0 0 0 2 0 2 0 2 0 0 0 0 2 0 2 0 2 0 0 0 0 2 0 2 0 2 0 0 0 0 2 0 2 0 2 0 0 0 0 2 0
2 2 2 2 2 2 2 2 0 2 2 2 2 2 2 2 2 0 2 2 2 2 2 2 2 2 0 2 2 2 2 2 2 2 2 0 2 2 2 2 2 2 2 2 0
2 2 2 2 2 2 2 2 0 2 2 2 2 2 2 2 2 0 2 2 2 2 2 2 2 2 0 2 2 2 2 2 2 2 2 0 2 2 2 2 2 2 2 2 0
0 0 0 0 0 0 0 2 0 0 0 0 0 0 0 0 2 0 0 0 0 0 0 0 0 2 0 0 0 0 0 0 0 0 2 0 0 0 0 0 0 0 0 2 0
0 0 0 0 0 0 0 2 0 0 0 0 0 0 0 0 2 0 0 0 0 0 0 0 0 2 0 0 0 0 0 0 0 0 2 0 0 0 0 0 0 0 0 2 0
0 0 0 0 0 0 0 2 0 0 0 0 0 0 0 0 2 0 0 0 0 0 0 0 0 2 0 0 0 0 0 0 0 0 2 0 0 0 0 0 0 0 0 2 0
2 2 2 2 2 2 2 2 2 2 2 2 2 2 2 2 2 2 2 2 2 2 2 2 2 2 2 2 2 2 2 2 2 2 2 2 2 2 2 2 2 2 2 2 2
0 0 0 0 0 0 0 2 0 0 0 0 0 0 0 0 2 0 0 0 0 0 0 0 0 2 0 0 0 0 0 0 0 0 2 0 0 0 0 0 0 0 0 2 0
0 0 0 0 0 0 0 2 0 0 0 0 0 0 0 0 2 0 0 0 0 0 0 0 0 2 0 0 0 0 0 0 0 0 2 0 0 0 0 0 0 0 0 2 0
2 2 2 2 2 2 2 2 0 2 2 2 2 2 2 2 2 0 2 2 2 2 2 2 2 2 0 2 2 2 2 2 2 2 2 0 2 2 2 2 2 2 2 2 0
2 2 2 2 2 2 2 2 0 2 2 2 2 2 2 2 2 0 2 2 2 2 2 2 2 2 0 2 2 2 2 2 2 2 2 0 2 2 2 2 2 2 2 2 0
2 0 2 0 0 0 0 2 0 2 0 2 0 0 0 0 2 0 2 0 2 0 0 0 0 2 0 2 0 2 0 0 0 0 2 0 2 0 2 0 0 0 0 2 0
2 0 2 2 2 2 0 2 0 2 0 2 2 2 2 0 2 0 2 0 2 2 2 2 0 2 0 2 0 2 2 2 2 0 2 0 2 0 2 2 2 2 0 2 0
2 0 2 0 0 2 0 2 0 2 0 2 0 0 2 0 2 0 2 0 2 0 0 2 0 2 0 2 0 2 0 0 2 0 2 0 2 0 2 0 0 2 0 2 0
2 0 2 0 0 2 0 2 0 2 0 2 0 0 2 0 2 0 2 0 2 0 0 2 0 2 0 2 0 2 0 0 2 0 2 0 2 0 2 0 0 2 0 2 0
2 0 2 0 0 2 0 2 0 2 0 2 0 0 2 0 2 0 2 0 2 0 0 2 0 2 0 2 0 2 0 0 2 0 2 0 2 0 2 0 0 2 0 2 0
2 0 2 2 2 2 0 2 0 2 0 2 2 2 2 0 2 0 2 0 2 2 2 2 0 2 0 2 0 2 2 2 2 0 2 0 2 0 2 2 2 2 0 2 0
2 0 2 0 0 0 0 2 0 2 0 2 0 0 0 0 2 0 2 0 2 0 0 0 0 2 0 2 0 2 0 0 0 0 2 0 2 0 2 0 0 0 0 2 0
2 2 2 2 2 2 2 2 0 2 2 2 2 2 2 2 2 0 2 2 2 2 2 2 2 2 0 2 2 2 2 2 2 2 2 0 2 2 2 2 2 2 2 2 0
0 0 0 0 0 0 0 0 0 0 0 0 0 0 0 0 0 0 0 0 0 0 0 0 0 0 0 0 0 0 0 0 0 0 0 0 0 0 0 0 0 0 0 0 0
0 0 0 0 0 0 0 0 0 0 0 0 0 0 0 0 0 0 0 0 0 0 0 0 0 0 0 0 0 0 0 0 0 0 0 0 0 0 0 0 0 0 0 0 0


Exploration result with generator call limit
agent_path:
[(24, 5), (25, 5), (25, 4), (25, 3), (25, 2), (26, 2), (27, 2), (27, 2), (27, 3), (27, 4), (27, 5), (27, 6), (27, 7), (27, 6), (27, 5), (27, 4), (27, 3), (27, 2), (27, 1), (27, 0), (27, 1), (26, 1), (26, 1), (26, 2), (26, 3), (26, 4), (26, 5), (25, 5), (24, 5), (24, 4), (24, 3), (24, 2), (23, 2), (22, 2), (21, 2), (20, 2), (20, 3), (20, 4), (20, 5), (19, 5), (18, 5), (18, 5), (18, 6), (18, 7), (18, 7), (17, 7), (16, 7), (15, 7), (14, 7), (13, 7), (12, 7), (11, 7), (11, 7), (11, 7), (11, 6), (11, 5), (11, 4), (11, 3), (11, 2), (11, 1), (11, 0), (11, 0), (11, 0), (11, 1), (10, 1), (10, 2), (9, 2), (8, 2), (7, 2), (6, 2), (5, 2), (4, 2), (3, 2), (2, 2), (3, 2), (4, 2), (4, 3), (4, 4), (4, 5), (4, 5), (4, 5), (4, 5), (4, 5), (4, 5), (4, 5), (4, 5), (4, 5), (4, 5), (4, 5), (4, 5), (4, 5), (4, 5), (4, 5), (4, 5), (4, 5), (4, 5), (4, 5), (4, 5), (4, 5), (4, 5), (4, 5), (4, 5), (4, 5), (4, 5), (4, 5), (4, 5), (4, 5), (4, 5), (4, 5), (4, 5), (4, 5), (4, 5), (4, 5), (4, 5), (4, 5), (4, 5), (4, 5), (4, 5), (4, 5), (4, 5), (4, 5), (4, 5), (4, 5), (4, 5), (4, 5), (4, 5), (4, 5), (4, 5), (4, 5), (4, 5), (4, 5), (4, 5), (4, 5), (4, 5), (4, 5), (4, 5), (4, 5), (4, 5), (4, 5), (4, 5), (4, 5), (4, 5), (4, 5), (4, 5), (4, 5), (4, 5), (4, 5), (4, 5), (4, 5), (4, 5), (4, 5), (4, 5), (4, 5), (4, 5), (4, 5), (4, 5), (4, 5), (4, 5), (4, 5), (4, 5), (4, 5), (4, 5), (4, 5), (4, 5), (4, 4), (4, 4), (4, 3), (4, 4), (4, 5), (4, 4), (4, 4), (4, 4), (4, 4), (4, 4), (4, 4), (4, 3), (4, 4), (4, 3), (4, 4), (4, 4), (4, 4), (4, 5), (4, 4), (4, 4), (4, 3), (4, 2), (4, 2), (4, 2), (5, 2), (6, 2), (6, 2), (6, 2), (6, 2), (6, 2), (7, 2), (7, 2), (8, 2), (9, 2), (8, 2), (7, 2), (7, 2), (7, 2), (7, 2), (8, 2), (8, 2), (9, 2), (10, 2), (9, 2), (10, 2), (10, 1), (10, 2), (10, 3), (10, 4), (10, 5), (10, 6), (10, 7), (10, 7), (11, 7), (12, 7), (13, 7), (14, 7), (15, 7), (15, 8), (15, 9), (15, 10), (15, 11), (15, 12), (15, 13), (15, 14), (15, 15), (15, 16), (16, 16), (17, 16), (18, 16), (18, 16), (18, 15), (18, 14), (19, 14), (20, 14), (20, 14), (21, 14), (22, 14), (23, 14), (24, 14), (25, 14), (26, 14), (26, 13), (26, 12), (26, 11), (26, 10), (26, 9), (26, 10), (26, 11), (26, 12), (26, 13), (26, 14), (25, 14), (24, 14), (24, 13), (24, 12), (24, 11), (24, 11), (23, 11), (22, 11), (21, 11), (21, 11), (20, 11), (20, 12), (20, 13), (20, 14), (19, 14), (18, 14), (18, 15), (18, 16), (18, 16), (17, 16), (16, 16), (15, 16), (14, 16), (13, 16), (12, 16), (11, 16), (11, 16), (11, 16), (11, 15), (11, 14), (11, 13), (11, 12), (11, 11), (11, 10), (11, 9), (11, 9), (11, 9), (11, 10), (10, 10), (10, 11), (9, 11), (8, 11), (7, 11), (6, 11), (5, 11), (4, 11), (3, 11), (2, 11), (3, 11), (4, 11), (4, 12), (4, 13), (4, 14), (4, 14), (4, 14), (4, 14), (4, 14), (4, 14), (4, 14), (4, 14), (4, 14), (4, 14), (4, 14), (4, 14), (4, 14), (4, 14), (4, 14), (4, 14), (4, 14), (4, 14), (4, 14), (4, 14), (4, 14), (4, 14), (4, 14), (4, 14), (4, 14), (4, 14), (4, 14), (4, 14), (4, 14), (4, 14), (4, 14), (4, 14), (4, 14), (4, 14), (4, 14), (4, 14), (4, 14), (4, 14), (4, 14), (4, 14), (4, 14), (4, 14), (4, 14), (4, 14), (4, 14), (4, 14), (4, 14), (4, 14), (4, 14), (4, 14), (4, 14), (4, 14), (4, 14), (4, 14), (4, 14), (4, 14), (4, 14), (4, 14), (4, 14), (4, 14), (4, 14), (4, 14), (4, 14), (4, 14), (4, 14), (4, 14), (4, 14), (4, 14), (4, 14), (4, 14), (4, 14), (4, 14), (4, 14), (4, 14), (4, 14), (4, 14), (4, 14), (4, 14), (4, 14), (4, 14), (4, 14), (4, 14), (4, 14), (4, 14), (4, 14), (4, 14), (4, 14), (4, 13), (4, 12), (4, 13), (4, 14), (5, 14), (5, 14), (5, 14), (5, 14), (5, 14), (6, 14), (5, 14), (4, 14), (4, 14), (5, 14), (5, 14), (6, 14), (6, 14), (6, 14), (7, 14), (6, 14), (6, 14), (7, 14), (7, 14), (8, 14), (8, 14), (8, 14), (8, 14), (8, 14), (7, 14), (7, 14), (8, 14), (8, 13), (8, 13), (8, 12), (8, 13), (8, 14), (8, 14), (8, 13), (8, 12), (8, 12), (8, 11), (8, 11), (9, 11), (9, 11), (9, 11), (9, 11), (9, 11), (10, 11), (10, 10), (10, 11), (10, 12), (10, 13), (10, 14), (10, 15), (10, 16), (11, 16), (12, 16), (12, 16), (13, 16), (13, 16), (14, 16), (15, 16), (15, 17), (15, 18), (15, 19), (15, 20), (15, 21), (15, 22), (15, 23), (15, 24), (15, 25), (16, 25), (17, 25), (18, 25), (18, 25), (18, 24), (18, 23), (19, 23), (20, 23), (20, 23), (21, 23), (22, 23), (23, 23), (24, 23), (25, 23), (26, 23), (26, 22), (26, 21), (26, 20), (26, 19), (26, 18), (26, 19), (26, 20), (26, 21), (26, 22), (26, 23), (25, 23), (24, 23), (24, 22), (24, 21), (24, 20), (24, 20), (23, 20), (22, 20), (21, 20), (20, 20), (20, 21), (20, 22), (20, 23), (19, 23), (18, 23), (18, 24), (18, 25), (18, 25), (17, 25), (16, 25), (15, 25), (14, 25), (13, 25), (12, 25), (11, 25), (11, 25), (11, 25), (11, 24), (11, 23), (11, 22), (11, 21), (11, 20), (11, 19), (11, 18), (11, 18), (11, 18), (11, 19), (10, 19), (10, 20), (9, 20), (8, 20), (7, 20), (6, 20), (5, 20), (4, 20), (3, 20), (2, 20), (3, 20), (4, 20), (4, 21), (4, 22), (4, 23), (4, 23), (4, 23), (4, 23), (4, 23), (4, 23), (4, 23), (4, 23), (4, 23), (4, 23), (4, 23), (4, 23), (4, 23), (4, 23), (4, 23), (4, 23), (4, 23), (4, 23), (4, 23), (4, 23), (4, 23), (4, 23), (4, 23), (4, 23), (4, 23), (4, 23), (4, 23), (4, 23), (4, 23), (4, 23), (4, 23), (4, 23), (4, 23), (4, 23), (4, 23), (4, 23), (4, 23), (4, 23), (4, 23), (4, 23), (4, 23), (4, 23), (4, 23), (4, 23), (4, 23), (4, 23), (4, 23), (4, 23), (4, 23), (4, 23), (4, 23), (4, 23), (4, 23), (4, 23), (4, 23), (4, 23), (4, 23), (4, 23), (4, 23), (4, 23), (4, 23), (4, 23), (4, 23), (4, 23), (4, 23), (4, 23), (4, 23), (4, 23), (4, 23), (4, 23), (4, 23), (4, 23), (4, 23), (4, 23), (4, 23), (4, 23), (4, 23), (4, 23), (4, 23), (4, 23), (4, 23), (4, 23), (4, 22), (4, 22), (4, 22), (4, 21), (4, 21), (4, 20), (5, 20), (6, 20), (7, 20), (7, 20), (8, 20), (9, 20), (10, 20), (10, 21), (10, 22), (11, 22), (10, 22), (10, 22), (10, 22), (10, 23), (10, 23), (11, 23), (10, 23), (10, 22), (10, 23), (11, 23), (11, 23), (11, 22), (11, 23), (10, 23), (10, 24), (10, 23), (10, 24), (10, 25), (11, 25), (12, 25), (13, 25), (14, 25), (15, 25), (15, 26), (15, 27), (15, 28), (15, 29), (15, 30), (15, 31), (15, 32), (15, 33), (15, 34), (14, 34), (13, 34), (12, 34), (11, 34), (11, 34), (11, 34), (11, 33), (11, 32), (11, 31), (11, 30), (11, 29), (11, 28), (11, 27), (11, 27), (11, 27), (11, 28), (10, 28), (10, 29), (9, 29), (8, 29), (7, 29), (6, 29), (5, 29), (4, 29), (3, 29), (2, 29), (3, 29), (4, 29), (4, 30), (4, 31), (4, 32), (4, 32), (4, 32), (4, 32), (4, 32), (4, 32), (4, 32), (4, 32), (4, 32), (4, 32), (4, 32), (4, 32), (4, 32), (4, 32), (4, 32), (4, 32), (4, 32), (4, 32), (4, 32), (4, 32), (4, 32), (4, 32), (4, 32), (4, 32), (4, 32), (4, 32), (4, 32), (4, 32), (4, 32), (4, 32), (4, 32), (4, 32), (4, 32), (4, 32), (4, 32), (4, 32), (4, 32), (4, 32), (4, 32), (4, 32), (4, 32), (4, 32), (4, 32), (4, 32), (4, 32), (4, 32), (4, 32), (4, 32), (4, 32), (4, 32), (4, 32), (4, 32), (4, 32), (4, 32), (4, 32), (4, 32), (4, 32), (4, 32), (4, 32), (4, 32), (4, 32), (4, 32), (4, 32), (4, 32), (4, 32), (4, 32), (4, 32), (4, 32), (4, 32), (4, 32), (4, 32), (4, 32), (4, 32), (4, 32), (4, 32), (4, 32), (4, 32), (4, 32), (4, 32), (4, 32), (4, 32), (4, 32), (4, 32), (4, 32), (4, 32), (5, 32), (5, 32), (6, 32), (7, 32), (8, 32), (8, 32), (7, 32), (7, 32), (8, 32), (8, 32), (8, 31), (8, 32), (8, 32), (8, 31), (8, 31), (8, 31), (8, 31), (8, 32), (8, 32), (8, 32), (8, 32), (8, 32), (7, 32), (7, 32), (8, 32), (8, 32), (8, 31), (8, 31), (8, 32), (8, 32), (7, 32), (7, 32), (8, 32), (8, 32), (8, 31), (8, 31), (8, 31), (8, 31), (8, 31), (8, 32), (8, 32), (8, 32), (8, 32), (8, 32), (8, 32), (8, 32), (8, 32), (8, 32), (8, 32), (7, 32), (8, 32), (8, 31), (8, 32), (8, 32), (8, 32), (8, 31), (8, 31), (8, 31), (8, 31), (8, 30), (8, 29), (9, 29), (9, 29), (9, 29), (10, 29), (11, 29), (11, 30), (11, 31), (11, 32), (11, 33), (11, 34), (12, 34), (13, 34), (14, 34), (15, 34), (16, 34), (17, 34), (18, 34), (18, 34), (18, 33), (18, 32), (19, 32), (20, 32), (20, 32), (21, 32), (22, 32), (23, 32), (24, 32), (25, 32), (26, 32), (26, 31), (26, 30), (26, 29), (26, 28), (26, 27), (26, 28), (26, 29), (26, 30), (26, 31), (26, 32), (25, 32), (24, 32), (24, 31), (24, 30), (24, 29), (24, 29), (23, 29), (22, 29), (21, 29), (20, 29), (20, 30), (20, 30), (20, 31), (20, 32), (19, 32), (18, 32), (18, 33), (18, 34), (18, 34), (17, 34), (16, 34), (15, 34), (15, 35), (15, 36), (15, 37), (15, 38), (15, 39), (15, 40), (15, 41), (15, 42), (15, 43), (16, 43), (17, 43), (18, 43), (18, 43), (18, 42), (18, 41), (19, 41), (20, 41), (20, 41), (21, 41), (22, 41), (23, 41), (24, 41), (25, 41), (26, 41), (26, 40), (26, 39), (26, 38), (26, 37), (26, 36), (26, 37), (26, 38), (26, 39), (26, 40), (26, 41), (25, 41), (24, 41), (24, 40), (24, 39), (24, 38), (24, 38), (23, 38), (22, 38), (22, 38), (21, 38), (20, 38), (20, 39), (20, 40), (20, 41), (19, 41), (18, 41), (18, 42), (18, 43), (18, 43), (17, 43), (16, 43), (15, 43), (14, 43), (13, 43), (12, 43), (11, 43), (11, 43), (11, 43), (11, 42), (11, 41), (11, 40), (11, 39), (11, 38), (11, 37), (11, 36), (11, 36), (11, 36), (11, 37), (10, 37), (10, 38), (9, 38), (8, 38), (7, 38), (6, 38), (5, 38), (4, 38), (3, 38), (2, 38), (3, 38), (4, 38), (4, 39), (4, 40), (4, 41), (4, 41), (4, 41), (4, 41), (4, 41), (4, 41), (4, 41), (4, 41), (4, 41), (4, 41), (4, 41), (4, 41), (4, 41), (4, 41), (4, 41), (4, 41), (4, 41), (4, 41), (4, 41), (4, 41), (4, 41), (4, 41), (4, 41), (4, 41), (4, 41), (4, 41), (4, 41), (4, 41), (4, 41), (4, 41), (4, 41), (4, 41), (4, 41), (4, 41), (4, 41), (4, 41), (4, 41), (4, 41), (4, 41), (4, 41), (4, 41), (4, 41), (4, 41), (4, 41), (4, 41), (4, 41), (4, 41), (4, 41), (4, 41), (4, 41), (4, 41), (4, 41), (4, 41), (4, 41), (4, 41), (4, 41), (4, 41), (4, 41), (4, 41), (4, 41), (4, 41), (4, 41), (4, 41), (4, 41), (4, 41), (4, 41), (4, 41), (4, 41), (4, 41), (4, 41), (4, 41), (4, 41), (4, 41), (4, 41), (4, 41), (4, 41), (4, 41), (4, 41), (4, 41), (4, 41), (4, 41)]

checkpoints:
[7, 41, 44, 52, 79, 159, 234, 261, 274, 282, 309, 389, 469, 496, 508, 516, 543, 623, 676, 703, 783, 865, 892, 905, 921, 948, 961, 969, 996, 1076]

escape_rollout_checkpoints:
[25284, 1865284, 2114389, 3954389, 4180897, 6020896, 7860896, 8109912, 8359050, 10199050]

pomcp_rollout_checkpoints:
[1497078, 2594706, 3707934, 3707934, 3707934, 3707934, 3707934, 3707934, 3707934, 3707934]

bridge_rollout_checkpoints:
[633178, 2534003, 40707797, 42660210, 83292287, 85226583, 110189739, 151847966, 156804725, 158836515]

bridge_time_checkpoints:
[23.948516130447388, 194.54674911499023, 2908.3169209957123, 203.78476905822754, 3126.153985977173, 197.58957481384277, 2071.0727179050446, 2721.0844600200653, 487.7186608314514, 185.5807909965515]

fragment_time_checkpoints:
[21.365528106689453, 16.433167219161987, 18.399176836013794, 0.0010211467742919922, 0.0007007122039794922, 0.0008230209350585938, 0.0006127357482910156, 0.00013113021850585938, 0.0006401538848876953, 0.0007486343383789062]

escape_time_checkpoints:
[0.03169608116149902, 3.9275100231170654, 0.37724900245666504, 3.6006641387939453, 1.0231728553771973, 4.101570129394531, 3.7875490188598633, 0.3331949710845947, 0.8872261047363281, 3.7995083332061768]

observed amount:
[0.03934426229508197, 0.12950819672131147, 0.12950819672131147, 0.22459016393442624, 0.27377049180327867, 0.27377049180327867, 0.3377049180327869, 0.3901639344262295, 0.39344262295081966, 0.4163934426229508, 0.46557377049180326, 0.46557377049180326, 0.5295081967213114, 0.5819672131147541, 0.5852459016393443, 0.6081967213114754, 0.6573770491803279, 0.6573770491803279, 0.7213114754098361, 0.7704918032786885, 0.7704918032786885, 0.7934426229508197, 0.8459016393442623, 0.8491803278688524, 0.9131147540983606, 0.9655737704918033, 0.9688524590163935, 0.9918032786885246, 1.040983606557377, 1.040983606557377]

time_arr = [45.34574031829834, 260.2531666755676, 3187.3465135097504, 3394.732967853546, 6521.9108273983, 6723.6027953624725, 8798.463675022125, 11519.881461143494, 12008.487988233566, 12197.869036197662]
roll_arr = [2155540, 6993993, 46530120, 50322533, 91181118, 94955413, 121758569, 163665812, 168871709, 172743499]
