0 0 0 0 0 0 0 0 0 0 0 0 0 0 0 0 0 0 0 0 0 0 0 0 0 0 0 0 0 0 0 0 0 0 0 0 0 0 0 0 0 0 0 0 0
2 2 2 2 2 2 2 2 2 2 2 2 2 2 2 2 2 2 2 2 2 2 2 2 2 2 2 2 2 2 2 2 2 2 2 2 2 2 2 2 2 2 2 2 0
2 0 0 0 0 0 0 2 0 2 0 0 0 0 0 0 2 0 2 0 0 0 0 0 0 2 0 2 0 0 0 0 0 0 2 0 2 0 0 0 0 0 0 2 0
2 0 2 2 2 2 0 2 0 2 0 2 2 2 2 0 2 0 2 0 2 2 2 2 0 2 0 2 0 2 2 2 2 0 2 0 2 0 2 2 2 2 0 2 0
2 0 2 0 0 2 0 2 0 2 0 2 0 0 2 0 2 0 2 0 2 0 0 2 0 2 0 2 0 2 0 0 2 0 2 0 2 0 2 0 0 2 0 2 0
2 2 2 2 2 2 2 2 2 2 2 2 2 2 2 2 2 2 2 2 2 2 2 2 2 2 2 2 2 2 2 2 2 2 2 2 2 2 2 2 2 2 2 2 0
2 0 2 0 0 2 0 2 2 2 0 2 0 0 2 0 2 2 2 0 2 0 0 2 0 2 2 2 0 2 0 0 2 0 2 2 2 0 2 0 0 2 0 2 0
2 0 2 2 2 2 0 2 0 2 0 2 2 2 2 0 2 0 2 0 2 2 2 2 0 2 0 2 0 2 2 2 2 0 2 0 2 0 2 2 2 2 0 2 0
2 0 0 0 0 0 0 2 0 2 0 0 0 0 0 0 2 0 2 0 0 0 0 0 0 2 0 2 0 0 0 0 0 0 2 0 2 0 0 0 0 0 0 2 0
2 2 2 2 2 2 2 2 0 2 2 2 2 2 2 2 2 0 2 2 2 2 2 2 2 2 0 2 2 2 2 2 2 2 2 0 2 2 2 2 2 2 2 2 0
2 2 2 2 2 2 2 2 0 2 2 2 2 2 2 2 2 0 2 2 2 2 2 2 2 2 0 2 2 2 2 2 2 2 2 0 2 2 2 2 2 2 2 2 0
2 0 0 0 0 0 0 2 0 2 0 0 0 0 0 0 2 0 2 0 0 0 0 0 0 2 0 2 0 0 0 0 0 0 2 0 2 0 0 0 0 0 0 2 0
2 0 2 2 2 2 0 2 0 2 0 2 2 2 2 0 2 0 2 0 2 2 2 2 0 2 0 2 0 2 2 2 2 0 2 0 2 0 2 2 2 2 0 2 0
2 0 2 0 0 2 0 2 0 2 0 2 0 0 2 0 2 0 2 0 2 0 0 2 0 2 0 2 0 2 0 0 2 0 2 0 2 0 2 0 0 2 0 2 0
2 2 2 2 2 2 2 2 2 2 2 2 2 2 2 2 2 2 2 2 2 2 2 2 2 2 2 2 2 2 2 2 2 2 2 2 2 2 2 2 2 2 2 2 0
2 0 2 0 0 2 0 2 0 2 0 2 0 0 2 0 2 0 2 0 2 0 0 2 0 2 0 2 0 2 0 0 2 0 2 0 2 0 2 0 0 2 0 2 0
2 0 2 2 2 2 0 2 0 2 0 2 2 2 2 0 2 0 2 0 2 2 2 2 0 2 0 2 0 2 2 2 2 0 2 0 2 0 2 2 2 2 0 2 0
2 0 0 0 0 0 0 2 0 2 0 0 0 0 0 0 2 0 2 0 0 0 0 0 0 2 0 2 0 0 0 0 0 0 2 0 2 0 0 0 0 0 0 2 0
2 2 2 2 2 2 2 2 0 2 2 2 2 2 2 2 2 0 2 2 2 2 2 2 2 2 0 2 2 2 2 2 2 2 2 0 2 2 2 2 2 2 2 2 0
2 2 2 2 2 2 2 2 0 2 2 2 2 2 2 2 2 0 2 2 2 2 2 2 2 2 0 2 2 2 2 2 2 2 2 0 2 2 2 2 2 2 2 2 0
2 0 0 0 0 0 0 2 0 2 0 0 0 0 0 0 2 0 2 0 0 0 0 0 0 2 0 2 0 0 0 0 0 0 2 0 2 0 0 0 0 0 0 2 0
2 0 2 2 2 2 0 2 0 2 0 2 2 2 2 0 2 0 2 0 2 2 2 2 0 2 0 2 0 2 2 2 2 0 2 0 2 0 2 2 2 2 0 2 0
2 0 2 0 0 2 0 2 0 2 0 2 0 0 2 0 2 0 2 0 2 0 0 2 0 2 0 2 0 2 0 0 2 0 2 0 2 0 2 0 0 2 0 2 0
2 2 2 2 2 2 2 2 2 2 2 2 2 2 2 2 2 2 2 2 2 2 2 2 2 2 2 2 2 2 2 2 2 2 2 2 2 2 2 2 2 2 2 2 0
2 0 2 0 0 2 0 2 2 2 0 2 0 0 2 0 2 2 2 0 2 0 0 2 0 2 2 2 0 2 0 0 2 0 2 2 2 0 2 0 0 2 0 2 0
2 0 2 2 2 2 0 2 0 2 0 2 2 2 2 0 2 0 2 0 2 2 2 2 0 2 0 2 0 2 2 2 2 0 2 0 2 0 2 2 2 2 0 2 0
2 0 0 0 0 0 0 2 0 2 0 0 0 0 0 0 2 0 2 0 0 0 0 0 0 2 0 2 0 0 0 0 0 0 2 0 2 0 0 0 0 0 0 2 0
2 2 2 2 2 2 2 2 0 2 2 2 2 2 2 2 2 0 2 2 2 2 2 2 2 2 0 2 2 2 2 2 2 2 2 0 2 2 2 2 2 2 2 2 0
0 0 0 0 0 0 0 0 0 0 0 0 0 0 0 0 0 0 0 0 0 0 0 0 0 0 0 0 0 0 0 0 0 0 0 0 0 0 0 0 0 0 0 0 0
0 0 0 0 0 0 0 0 0 0 0 0 0 0 0 0 0 0 0 0 0 0 0 0 0 0 0 0 0 0 0 0 0 0 0 0 0 0 0 0 0 0 0 0 0


Exploration result with generator call limit
agent_path:
[(23, 6), (23, 7), (23, 7), (23, 6), (23, 5), (22, 5), (22, 5), (22, 5), (21, 5), (21, 4), (21, 3), (21, 2), (22, 2), (23, 2), (23, 1), (23, 0), (22, 0), (21, 0), (20, 0), (19, 0), (20, 0), (21, 0), (22, 0), (23, 0), (24, 0), (25, 0), (26, 0), (27, 0), (26, 0), (25, 0), (24, 0), (23, 0), (23, 1), (23, 2), (24, 2), (25, 2), (25, 2), (25, 3), (25, 3), (25, 3), (25, 3), (25, 4), (25, 4), (25, 4), (25, 4), (25, 5), (24, 5), (23, 5), (23, 6), (23, 7), (23, 7), (23, 8), (23, 9), (23, 9), (23, 10), (23, 11), (23, 12), (23, 13), (23, 14), (23, 15), (23, 16), (24, 16), (25, 16), (26, 16), (27, 16), (26, 16), (25, 16), (24, 16), (23, 16), (22, 16), (21, 16), (20, 16), (19, 16), (20, 16), (21, 16), (22, 16), (23, 16), (23, 15), (23, 14), (22, 14), (21, 14), (22, 14), (23, 14), (24, 14), (25, 14), (25, 14), (25, 14), (25, 14), (25, 14), (24, 14), (23, 14), (23, 15), (23, 16), (23, 16), (23, 17), (23, 18), (23, 18), (23, 19), (23, 20), (23, 21), (23, 22), (23, 23), (23, 24), (23, 25), (24, 25), (25, 25), (26, 25), (27, 25), (26, 25), (25, 25), (24, 25), (23, 25), (22, 25), (21, 25), (20, 25), (19, 25), (20, 25), (21, 25), (22, 25), (23, 25), (23, 24), (23, 23), (22, 23), (21, 23), (22, 23), (23, 23), (24, 23), (25, 23), (25, 23), (24, 23), (23, 23), (23, 24), (23, 25), (23, 25), (23, 26), (23, 27), (23, 27), (23, 28), (23, 29), (23, 30), (23, 31), (23, 32), (23, 33), (23, 34), (24, 34), (25, 34), (26, 34), (27, 34), (26, 34), (25, 34), (24, 34), (23, 34), (22, 34), (21, 34), (20, 34), (19, 34), (20, 34), (21, 34), (22, 34), (23, 34), (23, 33), (23, 32), (22, 32), (21, 32), (22, 32), (23, 32), (24, 32), (25, 32), (25, 32), (25, 32), (24, 32), (23, 32), (23, 33), (23, 34), (23, 34), (23, 35), (23, 36), (23, 36), (23, 37), (23, 38), (23, 39), (23, 40), (23, 41), (23, 42), (23, 43), (24, 43), (25, 43), (26, 43), (27, 43), (26, 43), (25, 43), (24, 43), (23, 43), (22, 43), (21, 43), (20, 43), (19, 43), (20, 43), (21, 43), (22, 43), (23, 43), (23, 42), (23, 41), (22, 41), (21, 41), (22, 41), (23, 41), (24, 41), (25, 41), (25, 41), (24, 41), (23, 41), (23, 40), (23, 40), (23, 39), (23, 39), (23, 39), (23, 39), (23, 38), (23, 37), (23, 36), (23, 36), (22, 36), (21, 36), (20, 36), (19, 36), (18, 36), (18, 36), (17, 36), (16, 36), (15, 36), (14, 36), (14, 37), (14, 38), (13, 38), (12, 38), (12, 38), (12, 39), (12, 40), (12, 41), (13, 41), (14, 41), (14, 42), (14, 43), (13, 43), (12, 43), (11, 43), (10, 43), (11, 43), (12, 43), (13, 43), (14, 43), (14, 42), (14, 41), (15, 41), (16, 41), (16, 41), (16, 41), (15, 41), (16, 41), (16, 40), (16, 40), (16, 40), (16, 41), (16, 40), (16, 40), (16, 39), (16, 39), (16, 38), (16, 38), (15, 38), (15, 38), (14, 38), (14, 37), (14, 36), (14, 36), (14, 35), (14, 34), (14, 34), (14, 33), (14, 32), (13, 32), (13, 32), (13, 32), (12, 32), (12, 31), (12, 30), (12, 29), (13, 29), (14, 29), (14, 28), (14, 27), (13, 27), (12, 27), (11, 27), (10, 27), (11, 27), (12, 27), (13, 27), (14, 27), (15, 27), (16, 27), (17, 27), (18, 27), (17, 27), (16, 27), (15, 27), (14, 27), (14, 28), (14, 29), (15, 29), (16, 29), (16, 29), (15, 29), (14, 29), (14, 28), (14, 27), (14, 27), (14, 26), (14, 25), (14, 25), (14, 24), (14, 23), (13, 23), (13, 23), (13, 23), (12, 23), (12, 22), (12, 21), (12, 20), (13, 20), (14, 20), (14, 19), (14, 18), (13, 18), (12, 18), (11, 18), (10, 18), (11, 18), (12, 18), (13, 18), (14, 18), (15, 18), (16, 18), (17, 18), (18, 18), (17, 18), (16, 18), (15, 18), (14, 18), (14, 19), (14, 20), (15, 20), (16, 20), (16, 20), (15, 20), (14, 20), (14, 19), (14, 18), (14, 18), (14, 17), (14, 16), (14, 16), (14, 15), (14, 14), (13, 14), (13, 14), (13, 14), (12, 14), (12, 13), (12, 12), (12, 11), (13, 11), (14, 11), (14, 10), (14, 9), (13, 9), (12, 9), (11, 9), (10, 9), (11, 9), (12, 9), (13, 9), (14, 9), (15, 9), (16, 9), (17, 9), (18, 9), (17, 9), (16, 9), (15, 9), (14, 9), (14, 10), (14, 11), (15, 11), (16, 11), (16, 11), (16, 11), (16, 11), (16, 11), (16, 11), (15, 11), (15, 11), (15, 11), (15, 11), (15, 11), (14, 11), (14, 10), (14, 9), (14, 9), (14, 8), (14, 7), (14, 7), (14, 6), (14, 5), (13, 5), (13, 5), (13, 5), (12, 5), (12, 4), (12, 3), (12, 2), (13, 2), (14, 2), (14, 1), (14, 0), (13, 0), (12, 0), (11, 0), (10, 0), (11, 0), (12, 0), (13, 0), (14, 0), (15, 0), (16, 0), (17, 0), (18, 0), (17, 0), (16, 0), (15, 0), (14, 0), (14, 1), (14, 2), (15, 2), (16, 2), (16, 2), (15, 2), (15, 2), (14, 2), (13, 2), (14, 2), (14, 3), (14, 4), (14, 5), (14, 6), (14, 7), (14, 7), (13, 7), (12, 7), (11, 7), (10, 7), (9, 7), (9, 7), (8, 7), (7, 7), (6, 7), (5, 7), (5, 6), (5, 5), (4, 5), (3, 5), (3, 5), (4, 5), (4, 5), (5, 5), (5, 4), (5, 3), (5, 2), (5, 1), (5, 0), (4, 0), (3, 0), (2, 0), (1, 0), (2, 0), (3, 0), (4, 0), (5, 0), (5, 1), (5, 2), (6, 2), (7, 2), (7, 2), (7, 3), (7, 3), (7, 3), (7, 2), (7, 2), (7, 3), (7, 3), (7, 4), (7, 5), (6, 5), (6, 5), (5, 5), (5, 6), (5, 7)]

checkpoints:
[2, 36, 50, 53, 85, 93, 96, 128, 133, 136, 168, 174, 177, 209, 221, 227, 256, 275, 278, 312, 317, 320, 354, 359, 362, 396, 409, 412, 446, 457, 463, 493, 508]

escape_rollout_checkpoints:
[108033, 143608, 157920, 178349, 255992, 447818, 462234, 476587, 567234, 634007, 753917]

pomcp_rollout_checkpoints:
[1326629, 2538842, 2538842, 2538842, 2538842, 3627621, 3627621, 3627621, 3627621, 3627621, 4751180]

bridge_rollout_checkpoints:
[72118, 294956, 523490, 757127, 983787, 1898041, 2219977, 2557479, 2886980, 3227598, 4195207]

bridge_time_checkpoints:
[9.293896913528442, 27.703822135925293, 28.85344672203064, 30.088301181793213, 28.575305938720703, 108.89885807037354, 40.01434874534607, 42.15530300140381, 45.062731981277466, 44.701027154922485, 125.50856709480286]

fragment_time_checkpoints:
[14.064439058303833, 13.166860818862915, 0.0003046989440917969, 0.00013709068298339844, 0.0008928775787353516, 11.263731002807617, 0.0008130073547363281, 0.0008730888366699219, 0.00016164779663085938, 0.0008080005645751953, 13.777024745941162]

escape_time_checkpoints:
[0.12885689735412598, 0.03927898406982422, 0.014849185943603516, 0.0219728946685791, 0.09753274917602539, 0.2351529598236084, 0.015024900436401367, 0.015424013137817383, 0.11639809608459473, 0.08104395866394043, 0.14546775817871094]

observed amount:
[0.10215053763440861, 0.17204301075268819, 0.17204301075268819, 0.2056451612903226, 0.28360215053763443, 0.28360215053763443, 0.3172043010752688, 0.3951612903225806, 0.3951612903225806, 0.42876344086021506, 0.5067204301075269, 0.5067204301075269, 0.5403225806451613, 0.6155913978494624, 0.6155913978494624, 0.6155913978494624, 0.6935483870967742, 0.6935483870967742, 0.6935483870967742, 0.7258064516129032, 0.7258064516129032, 0.7258064516129032, 0.7580645161290323, 0.7580645161290323, 0.7580645161290323, 0.7903225806451613, 0.7903225806451613, 0.7903225806451613, 0.8225806451612904, 0.8225806451612904, 0.8225806451612904, 0.9314516129032258, 0.9314516129032258]

time_arr = [23.4871928691864, 64.39715480804443, 93.26575541496277, 123.37616658210754, 152.049898147583, 272.44764018058777, 312.477826833725, 354.64942693710327, 399.82871866226196, 444.61159777641296, 584.0426573753357]
roll_arr = [1506780, 2977406, 3220252, 3474318, 3778621, 5973480, 6309832, 6661687, 7081835, 7489226, 9700304]
