0 0 0 0 0 0 0 0 0 0 0 0 0 0 0 0 0 0 0 0 0 0 0 0 0 0 0 0 0 0 0 0 0 0 0 0 0 0 0 0 0 0 0 0 0
0 2 2 2 2 2 2 2 2 2 2 2 2 2 0 0 2 2 2 2 2 2 2 2 2 2 2 2 2 0 0 2 2 2 2 2 2 2 2 2 2 2 2 2 0
0 2 0 0 0 0 0 0 0 0 0 0 0 2 0 0 2 0 0 0 0 0 0 0 0 0 0 0 2 0 0 2 0 0 0 0 0 0 0 0 0 0 0 2 0
0 2 0 2 2 2 2 2 2 2 2 2 0 2 0 0 2 0 2 2 2 2 2 2 2 2 2 0 2 0 0 2 0 2 2 2 2 2 2 2 2 2 0 2 0
0 2 0 0 0 0 2 0 2 0 0 0 0 2 0 0 2 0 0 0 0 2 0 2 0 0 0 0 2 0 0 2 0 0 0 0 2 0 2 0 0 0 0 2 0
0 2 2 2 2 2 2 2 2 2 2 2 2 2 0 0 2 2 2 2 2 2 2 2 2 2 2 2 2 0 0 2 2 2 2 2 2 2 2 2 2 2 2 2 0
0 2 0 0 0 0 0 0 0 0 0 0 0 2 2 2 2 0 0 0 0 0 0 0 0 0 0 0 2 2 2 2 0 0 0 0 0 0 0 0 0 0 0 2 0
0 2 0 2 2 2 2 2 2 2 2 2 0 2 2 2 2 0 2 2 2 2 2 2 2 2 2 0 2 2 2 2 0 2 2 2 2 2 2 2 2 2 0 2 0
0 2 0 2 0 0 0 0 0 0 0 2 0 2 0 0 2 0 2 0 0 0 0 0 0 0 2 0 2 0 0 2 0 2 0 0 0 0 0 0 0 2 0 2 0
0 2 0 2 0 0 0 0 0 0 0 2 0 2 0 0 2 0 2 0 0 0 0 0 0 0 2 0 2 0 0 2 0 2 0 0 0 0 0 0 0 2 0 2 0
0 2 0 2 2 2 2 2 2 2 2 2 0 2 0 0 2 0 2 2 2 2 2 2 2 2 2 0 2 0 0 2 0 2 2 2 2 2 2 2 2 2 0 2 0
0 2 0 0 0 2 0 2 0 0 0 0 0 2 0 0 2 0 0 0 2 0 2 0 0 0 0 0 2 0 0 2 0 0 0 2 0 2 0 0 0 0 0 2 0
0 2 2 2 2 2 2 2 2 2 2 2 2 2 0 0 2 2 2 2 2 2 2 2 2 2 2 2 2 0 0 2 2 2 2 2 2 2 2 2 2 2 2 2 0
0 0 0 2 0 0 0 0 0 0 0 2 0 0 0 0 0 0 2 0 0 0 0 0 0 0 2 0 0 0 0 0 0 2 0 0 0 0 0 0 0 2 0 0 0
0 0 0 2 0 0 0 0 0 0 0 2 0 0 0 0 0 0 2 0 0 0 0 0 0 0 2 0 0 0 0 0 0 2 0 0 0 0 0 0 0 2 0 0 0
0 0 0 2 0 0 0 0 0 0 0 2 0 0 0 0 0 0 2 0 0 0 0 0 0 0 2 0 0 0 0 0 0 2 0 0 0 0 0 0 0 2 0 0 0
0 0 0 2 0 0 0 0 0 0 0 2 0 0 0 0 0 0 2 0 0 0 0 0 0 0 2 0 0 0 0 0 0 2 0 0 0 0 0 0 0 2 0 0 0
0 2 2 2 2 2 2 2 2 2 2 2 2 2 0 0 2 2 2 2 2 2 2 2 2 2 2 2 2 0 0 2 2 2 2 2 2 2 2 2 2 2 2 2 0
0 2 0 0 0 0 0 0 0 0 0 0 0 2 0 0 2 0 0 0 0 0 0 0 0 0 0 0 2 0 0 2 0 0 0 0 0 0 0 0 0 0 0 2 0
0 2 0 2 2 2 2 2 2 2 2 2 0 2 0 0 2 0 2 2 2 2 2 2 2 2 2 0 2 0 0 2 0 2 2 2 2 2 2 2 2 2 0 2 0
0 2 0 0 0 0 2 0 2 0 0 0 0 2 0 0 2 0 0 0 0 2 0 2 0 0 0 0 2 0 0 2 0 0 0 0 2 0 2 0 0 0 0 2 0
0 2 2 2 2 2 2 2 2 2 2 2 2 2 0 0 2 2 2 2 2 2 2 2 2 2 2 2 2 0 0 2 2 2 2 2 2 2 2 2 2 2 2 2 0
0 2 0 0 0 0 0 0 0 0 0 0 0 2 2 2 2 0 0 0 0 0 0 0 0 0 0 0 2 2 2 2 0 0 0 0 0 0 0 0 0 0 0 2 0
0 2 0 2 2 2 2 2 2 2 2 2 0 2 2 2 2 0 2 2 2 2 2 2 2 2 2 0 2 2 2 2 0 2 2 2 2 2 2 2 2 2 0 2 0
0 2 0 2 0 0 0 0 0 0 0 2 0 2 0 0 2 0 2 0 0 0 0 0 0 0 2 0 2 0 0 2 0 2 0 0 0 0 0 0 0 2 0 2 0
0 2 0 2 0 0 0 0 0 0 0 2 0 2 0 0 2 0 2 0 0 0 0 0 0 0 2 0 2 0 0 2 0 2 0 0 0 0 0 0 0 2 0 2 0
0 2 0 2 2 2 2 2 2 2 2 2 0 2 0 0 2 0 2 2 2 2 2 2 2 2 2 0 2 0 0 2 0 2 2 2 2 2 2 2 2 2 0 2 0
0 2 0 0 0 2 0 2 0 0 0 0 0 2 0 0 2 0 0 0 2 0 2 0 0 0 0 0 2 0 0 2 0 0 0 2 0 2 0 0 0 0 0 2 0
0 2 2 2 2 2 2 2 2 2 2 2 2 2 0 0 2 2 2 2 2 2 2 2 2 2 2 2 2 0 0 2 2 2 2 2 2 2 2 2 2 2 2 2 0
0 0 0 0 0 0 0 0 0 0 0 0 0 0 0 0 0 0 0 0 0 0 0 0 0 0 0 0 0 0 0 0 0 0 0 0 0 0 0 0 0 0 0 0 0


Exploration result with generator call limit
agent_path:
[(26, 5), (27, 5), (28, 5), (28, 5), (27, 5), (26, 5), (26, 5), (26, 4), (26, 4), (26, 3), (25, 3), (24, 3), (23, 3), (23, 4), (23, 3), (24, 3), (24, 3), (23, 3), (23, 4), (23, 5), (23, 5), (23, 4), (23, 4), (23, 3), (23, 4), (23, 3), (24, 3), (24, 3), (24, 3), (24, 3), (25, 3), (25, 3), (26, 3), (26, 4), (26, 4), (26, 5), (27, 5), (28, 5), (28, 4), (28, 3), (28, 2), (28, 1), (27, 1), (26, 1), (25, 1), (24, 1), (23, 1), (23, 1), (22, 1), (21, 1), (21, 1), (20, 1), (19, 1), (18, 1), (17, 1), (17, 1), (18, 1), (19, 1), (19, 1), (19, 1), (19, 1), (20, 1), (21, 1), (21, 2), (21, 3), (21, 4), (21, 5), (21, 6), (20, 6), (19, 6), (19, 7), (19, 8), (20, 8), (21, 8), (21, 9), (21, 10), (21, 11), (21, 12), (21, 13), (22, 13), (23, 13), (24, 13), (25, 13), (26, 13), (27, 13), (28, 13), (28, 12), (28, 11), (28, 10), (28, 9), (28, 8), (28, 7), (27, 7), (26, 7), (26, 8), (26, 9), (26, 10), (26, 11), (26, 11), (25, 11), (24, 11), (23, 11), (23, 11), (23, 11), (23, 11), (23, 11), (23, 11), (23, 11), (23, 11), (23, 11), (23, 11), (23, 11), (23, 11), (23, 11), (23, 11), (23, 11), (23, 11), (23, 11), (23, 11), (23, 11), (23, 11), (23, 11), (23, 11), (23, 11), (23, 11), (23, 11), (23, 11), (23, 11), (23, 11), (23, 11), (23, 11), (23, 11), (23, 11), (23, 11), (23, 11), (23, 11), (23, 11), (23, 11), (23, 11), (23, 11), (23, 11), (23, 11), (23, 11), (23, 11), (23, 11), (23, 11), (23, 11), (23, 11), (23, 11), (23, 11), (23, 11), (23, 11), (23, 11), (23, 11), (23, 11), (23, 11), (23, 11), (23, 11), (23, 11), (23, 11), (23, 11), (23, 11), (23, 11), (23, 11), (23, 11), (23, 11), (23, 11), (23, 11), (23, 11), (23, 11), (23, 11), (23, 11), (23, 11), (23, 11), (23, 11), (23, 11), (23, 11), (23, 11), (23, 11), (23, 11), (23, 11), (23, 11), (23, 11), (23, 11), (23, 11), (23, 11), (23, 11), (23, 11), (23, 11), (23, 11), (23, 11), (23, 11), (23, 11), (23, 11), (23, 11), (23, 11), (23, 11), (23, 11), (23, 11), (23, 11), (23, 11), (23, 11), (23, 11), (23, 11), (23, 11), (23, 11), (23, 11), (23, 11), (23, 11), (23, 11), (23, 11), (23, 11), (23, 11), (23, 11), (23, 11), (23, 11), (23, 11), (23, 11), (23, 11), (23, 11), (23, 11), (23, 11), (23, 11), (23, 11), (23, 11), (23, 11), (23, 11), (23, 11), (23, 11), (23, 11), (23, 11), (23, 11), (23, 11), (23, 11), (23, 11), (23, 11), (23, 11), (23, 11), (23, 11), (23, 11), (23, 11), (23, 11), (23, 11), (23, 11), (23, 11), (23, 11), (23, 11), (23, 11), (23, 11), (23, 11), (23, 11), (23, 11), (23, 11), (23, 11), (23, 11), (23, 11), (23, 11), (24, 11), (24, 11), (24, 11), (25, 11), (25, 11), (26, 11), (26, 11), (26, 11), (26, 11), (26, 10), (26, 9), (26, 9), (26, 8), (26, 9), (26, 9), (26, 9), (26, 9), (26, 9), (26, 8), (26, 7), (27, 7), (28, 7), (28, 8), (28, 8), (28, 9), (28, 10), (28, 11), (28, 12), (28, 13), (27, 13), (26, 13), (25, 13), (24, 13), (23, 13), (23, 14), (23, 15), (23, 16), (23, 16), (22, 16), (21, 16), (20, 16), (20, 16), (19, 16), (18, 16), (18, 16), (18, 16), (17, 16), (17, 16), (18, 16), (19, 16), (20, 16), (21, 16), (21, 16), (21, 17), (21, 18), (21, 19), (21, 20), (21, 20), (21, 21), (21, 22), (21, 23), (21, 24), (21, 23), (20, 23), (20, 23), (19, 23), (20, 23), (21, 23), (21, 24), (21, 25), (21, 26), (21, 27), (21, 28), (22, 28), (23, 28), (24, 28), (24, 28), (25, 28), (26, 28), (27, 28), (28, 28), (28, 27), (28, 26), (28, 25), (28, 24), (28, 23), (28, 22), (27, 22), (26, 22), (26, 23), (26, 24), (26, 25), (26, 26), (25, 26), (24, 26), (23, 26), (23, 26), (23, 26), (23, 26), (23, 25), (23, 24), (23, 23), (23, 22), (23, 21), (23, 20), (23, 19), (23, 18), (24, 18), (25, 18), (26, 18), (26, 19), (26, 20), (26, 20), (26, 20), (27, 20), (27, 20), (28, 20), (28, 19), (28, 18), (28, 17), (28, 16), (27, 16), (26, 16), (25, 16), (24, 16), (23, 16), (23, 16), (24, 16), (23, 16), (22, 16), (21, 16), (20, 16), (19, 16), (18, 16), (17, 16), (17, 17), (17, 18), (16, 18), (15, 18), (14, 18), (13, 18), (12, 18), (12, 18), (12, 17), (12, 17), (12, 16), (12, 16), (11, 16), (11, 16), (11, 16), (12, 16), (12, 16), (12, 16), (11, 16), (11, 16), (12, 16), (12, 17), (12, 18), (12, 19), (12, 20), (11, 20), (11, 20), (10, 20), (10, 19), (10, 18), (9, 18), (8, 18), (7, 18), (7, 18), (8, 18), (9, 18), (10, 18), (10, 19), (10, 18), (10, 18), (10, 18), (10, 18), (10, 19), (10, 20), (11, 20), (12, 20), (12, 21), (12, 22), (12, 23), (12, 24), (12, 25), (12, 26), (12, 27), (12, 28), (11, 28), (10, 28), (9, 28), (8, 28), (7, 28), (6, 28), (5, 28), (4, 28), (3, 28), (2, 28), (1, 28), (1, 28), (2, 28), (3, 28), (4, 28), (5, 28), (5, 27), (5, 26), (5, 25), (5, 24), (5, 23), (4, 23), (3, 23), (3, 22), (3, 21), (3, 21), (3, 21), (3, 21), (3, 21), (3, 21), (3, 21), (3, 21), (3, 21), (4, 21), (5, 21), (5, 20), (5, 21), (5, 21), (5, 22), (5, 22), (5, 22), (5, 22), (5, 21), (4, 21), (4, 21), (4, 21), (3, 21), (4, 21), (5, 21), (5, 21), (4, 21), (5, 21), (4, 21), (3, 21), (3, 21), (3, 21), (3, 21), (3, 21), (3, 21), (3, 21), (3, 21), (3, 21), (3, 21), (3, 21), (3, 21), (3, 21), (3, 21), (3, 21), (3, 21), (3, 21), (3, 21), (3, 21), (4, 21), (5, 21), (5, 20), (5, 20), (5, 20), (5, 20), (5, 20), (5, 19), (5, 19), (5, 19), (5, 19), (5, 19), (5, 19), (5, 19), (5, 19), (5, 19), (5, 19), (5, 18), (5, 18), (5, 17), (5, 16), (6, 16), (7, 16), (8, 16), (8, 16), (9, 16), (9, 16), (10, 16), (11, 16), (12, 16), (12, 17), (12, 18), (12, 18), (12, 19), (12, 20), (11, 20), (10, 20), (10, 21), (10, 22), (10, 23), (10, 24), (10, 25), (10, 26), (10, 26), (9, 26), (10, 26), (10, 25), (10, 24), (10, 24), (10, 24), (10, 23), (10, 23), (10, 22), (10, 21), (10, 21), (10, 20), (11, 20), (10, 20), (11, 20), (12, 20), (12, 19), (12, 18), (12, 18), (12, 17), (12, 16), (11, 16), (10, 16), (9, 16), (8, 16), (7, 16), (7, 15), (7, 14), (7, 13), (7, 13), (7, 13), (6, 13), (5, 13), (5, 13), (4, 13), (3, 13), (2, 13), (1, 13), (2, 13), (3, 13), (4, 13), (5, 13), (6, 13), (6, 13), (7, 13), (8, 13), (9, 13), (10, 13), (11, 13), (12, 13), (12, 12), (12, 11), (12, 11), (12, 10), (12, 9), (12, 8), (12, 7), (11, 7), (10, 7), (10, 6), (10, 5), (10, 4), (10, 3), (10, 3), (9, 3), (8, 3), (7, 3), (8, 3), (8, 3), (8, 3), (9, 3), (10, 3), (10, 4), (10, 5), (11, 5), (12, 5), (12, 4), (12, 3), (12, 2), (12, 1), (11, 1), (11, 1), (11, 1), (11, 1), (10, 1), (10, 1), (10, 1), (10, 1), (9, 1), (8, 1), (7, 1), (6, 1), (5, 1), (5, 2), (5, 3), (5, 4), (5, 5), (5, 6), (4, 6), (3, 6), (3, 7), (3, 8), (3, 8), (3, 8), (3, 8), (3, 8), (3, 8), (3, 8), (3, 8), (3, 8), (3, 8), (3, 8), (3, 8), (3, 8), (3, 8), (3, 8), (3, 8), (3, 8), (3, 8), (3, 8), (3, 8), (3, 8), (3, 8), (3, 8), (3, 8), (3, 8), (3, 8), (3, 8), (3, 8), (3, 8), (3, 8), (3, 8), (3, 8), (3, 8), (3, 8), (3, 8), (3, 8), (3, 8), (3, 8), (3, 8), (4, 8), (3, 8), (4, 8), (5, 8), (5, 9), (5, 9), (5, 9), (5, 9), (5, 9), (5, 10), (5, 11), (5, 12), (5, 13), (5, 13), (6, 13), (6, 13), (7, 13), (8, 13), (9, 13), (10, 13), (10, 13), (11, 13), (12, 13), (12, 12), (12, 11), (12, 11), (12, 10), (12, 9), (12, 8), (12, 7), (11, 7), (10, 7), (10, 8), (10, 9), (10, 10), (10, 11), (10, 11), (10, 10), (10, 10), (10, 9), (10, 8), (10, 9), (10, 8), (10, 8), (10, 7), (11, 7), (11, 7), (11, 7), (12, 7), (12, 8), (12, 9), (12, 10), (12, 11), (12, 11), (12, 11), (13, 11), (14, 11), (15, 11), (14, 11), (14, 11), (14, 11), (14, 11), (15, 11), (16, 11), (17, 11), (17, 10), (17, 9), (17, 9), (17, 10), (17, 11), (17, 11), (16, 11), (17, 11), (17, 12), (17, 11), (16, 11), (16, 11), (17, 11), (17, 10), (17, 10), (17, 9), (17, 10), (17, 11), (17, 12), (17, 11), (17, 12), (17, 12), (17, 13), (17, 13), (17, 13), (17, 13), (17, 13), (18, 13), (17, 13), (18, 13), (19, 13), (19, 13), (20, 13), (20, 13), (20, 13), (21, 13), (22, 13), (23, 13), (23, 14), (23, 13), (22, 13), (22, 14), (22, 14), (22, 15), (23, 15), (23, 14), (23, 15), (23, 16), (22, 16), (21, 16), (20, 16), (21, 16), (20, 16), (20, 16), (19, 16), (18, 16), (18, 16), (18, 16), (17, 16), (18, 16), (19, 16), (19, 16), (19, 16), (19, 16), (18, 16), (18, 16), (17, 16), (17, 17), (17, 17), (17, 17), (17, 17), (17, 17), (17, 18), (17, 19), (17, 20), (17, 20), (17, 21), (17, 22), (17, 23), (17, 24), (17, 24), (17, 25), (17, 24), (17, 25), (17, 26), (17, 27), (17, 28), (17, 28), (17, 28), (18, 28), (19, 28), (20, 28), (21, 28), (22, 28), (22, 29), (22, 30), (22, 31), (22, 31), (21, 31), (21, 31), (20, 31), (19, 31), (20, 31), (19, 31), (19, 31), (19, 31), (18, 31), (18, 31), (17, 31), (18, 31), (19, 31), (20, 31), (21, 31), (22, 31), (23, 31), (24, 31), (25, 31), (25, 31), (26, 31), (27, 31), (28, 31), (28, 32), (28, 33), (28, 34), (28, 35), (27, 35), (26, 35), (26, 34), (26, 33), (25, 33), (24, 33), (23, 33), (23, 33), (23, 34), (23, 34), (23, 34), (23, 34), (23, 34), (23, 35), (23, 36), (23, 37), (23, 36), (23, 36), (23, 37), (23, 38), (23, 38), (23, 38), (23, 38), (23, 38), (23, 39), (23, 40), (23, 41), (24, 41), (24, 41), (24, 41), (23, 41), (24, 41), (24, 41), (24, 41), (25, 41), (25, 41), (25, 41), (26, 41), (26, 40), (26, 40), (26, 39), (26, 38), (26, 37), (27, 37), (27, 37), (28, 37), (28, 38), (28, 39), (28, 40), (28, 41), (28, 42), (28, 43), (28, 43), (27, 43), (26, 43), (26, 43), (25, 43), (25, 43), (24, 43), (23, 43), (22, 43), (21, 43), (21, 42), (21, 41), (21, 40), (21, 39), (21, 38), (20, 38), (19, 38), (19, 37), (19, 36), (19, 36), (19, 36), (20, 36), (20, 36), (20, 36), (21, 36), (21, 37), (21, 36), (21, 36), (21, 35), (21, 35), (21, 34), (21, 34), (21, 33), (21, 33), (21, 33), (21, 32), (21, 31), (22, 31), (22, 31), (21, 31), (20, 31), (19, 31), (18, 31), (17, 31), (17, 32), (17, 33), (16, 33), (15, 33), (14, 33), (13, 33), (12, 33), (12, 33), (12, 32), (12, 32), (12, 31), (12, 31), (11, 31), (11, 31), (11, 31), (12, 31), (12, 31), (12, 31), (11, 31), (11, 31), (12, 31), (12, 32), (12, 33), (12, 34), (12, 35), (11, 35), (11, 35), (10, 35), (10, 34), (10, 33), (9, 33), (8, 33), (7, 33), (7, 33), (8, 33), (9, 33), (10, 33), (10, 34), (10, 33), (10, 33), (10, 33), (10, 33), (10, 34), (10, 35), (11, 35), (12, 35), (12, 36), (12, 37), (12, 38), (12, 39), (12, 40), (12, 41), (12, 42), (12, 43), (11, 43), (10, 43), (9, 43), (8, 43), (7, 43), (6, 43), (5, 43), (4, 43), (3, 43), (2, 43), (1, 43), (1, 43), (2, 43), (3, 43), (4, 43), (5, 43), (5, 42), (5, 41), (5, 40), (5, 39), (5, 38), (4, 38), (3, 38), (3, 37), (3, 36), (3, 36), (3, 36), (3, 36), (3, 36), (3, 36), (3, 36), (3, 36), (3, 36), (4, 36), (5, 36), (5, 35), (5, 36), (5, 36), (5, 37), (5, 37), (5, 37), (5, 37), (5, 36), (4, 36), (4, 36), (4, 36), (3, 36), (4, 36), (5, 36), (5, 36), (4, 36), (5, 36), (4, 36), (4, 36), (4, 36), (5, 36), (5, 35), (5, 35), (5, 34), (5, 34), (5, 34), (5, 34), (5, 33), (5, 32), (5, 31), (6, 31)]

checkpoints:
[3, 98, 254, 294, 369, 383, 399, 561, 580, 591, 738, 755, 864, 963, 982, 995, 1095, 1108]

escape_rollout_checkpoints:
[3588000, 3827521, 4022577, 4180585, 4372017, 4463431]

pomcp_rollout_checkpoints:
[7793169, 13435196, 27563361, 40294076, 48509633, 48509633]

bridge_rollout_checkpoints:
[199931, 17982567, 22864588, 25681182, 80524881, 84386472]

bridge_time_checkpoints:
[10.751001119613647, 1139.4502289295197, 364.160037279129, 202.29189109802246, 3602.47504901886, 207.90837025642395]

fragment_time_checkpoints:
[135.05974102020264, 104.01655793190002, 258.97028398513794, 232.0859649181366, 107.12880730628967, 0.0029900074005126953]

escape_time_checkpoints:
[12.088296890258789, 0.4217650890350342, 0.33350610733032227, 0.26433587074279785, 0.23742294311523438, 0.10935711860656738]

observed amount:
[0.03885135135135135, 0.16554054054054054, 0.16554054054054054, 0.18243243243243243, 0.3277027027027027, 0.3277027027027027, 0.3564189189189189, 0.5168918918918919, 0.5168918918918919, 0.5337837837837838, 0.6824324324324325, 0.6824324324324325, 0.6993243243243243, 0.8344594594594594, 0.8344594594594594, 0.8631756756756757, 0.9966216216216216, 0.9966216216216216]

time_arr = [157.89903903007507, 1401.7875909805298, 2025.251418352127, 2459.893610239029, 6169.734889507294, 6377.755606889725]
roll_arr = [11581100, 35245284, 54450526, 70155843, 133406531, 137359536]
