0 0 0 0 0 0 0 0 0 0 0 0 0 0 0 0 0 0 0 0 0 0 0 0 0 0 0 0 0 0 0 0 0 0 0 0 0 0 0 0 0 0 0 0 0
0 2 2 2 2 2 2 2 0 0 2 2 2 2 2 2 2 0 0 2 2 2 2 2 2 2 0 0 2 2 2 2 2 2 2 0 0 2 2 2 2 2 2 2 0
0 2 0 0 2 0 0 2 0 0 2 0 0 2 0 0 2 0 0 2 0 0 2 0 0 2 0 0 2 0 0 2 0 0 2 0 0 2 0 0 2 0 0 2 0
0 2 0 2 2 2 0 2 0 0 2 0 2 2 2 0 2 0 0 2 0 2 2 2 0 2 0 0 2 0 2 2 2 0 2 0 0 2 0 2 2 2 0 2 0
0 2 0 2 2 2 0 2 0 0 2 0 2 2 2 0 2 0 0 2 0 2 2 2 0 2 0 0 2 0 2 2 2 0 2 0 0 2 0 2 2 2 0 2 0
0 2 0 0 0 0 0 2 0 0 2 0 0 0 0 0 2 0 0 2 0 0 0 0 0 2 0 0 2 0 0 0 0 0 2 0 0 2 0 0 0 0 0 2 0
0 2 2 2 2 2 2 2 0 0 2 2 2 2 2 2 2 0 0 2 2 2 2 2 2 2 0 0 2 2 2 2 2 2 2 0 0 2 2 2 2 2 2 2 0
0 0 0 0 0 0 0 2 0 0 0 0 0 0 0 0 2 0 0 0 0 0 0 0 0 2 0 0 0 0 0 0 0 0 2 0 0 0 0 0 0 0 0 2 0
0 2 0 0 0 0 0 2 0 0 2 0 0 0 0 0 2 0 0 2 0 0 0 0 0 2 0 0 2 0 0 0 0 0 2 0 0 2 0 0 0 0 0 2 0
0 2 0 0 0 0 0 2 0 0 2 0 0 0 0 0 2 0 0 2 0 0 0 0 0 2 0 0 2 0 0 0 0 0 2 0 0 2 0 0 0 0 0 2 0
0 2 0 0 0 0 0 2 0 0 2 0 0 0 0 0 2 0 0 2 0 0 0 0 0 2 0 0 2 0 0 0 0 0 2 0 0 2 0 0 0 0 0 2 0
0 2 0 0 0 0 0 2 0 0 2 0 0 0 0 0 2 0 0 2 0 0 0 0 0 2 0 0 2 0 0 0 0 0 2 0 0 2 0 0 0 0 0 2 0
0 2 0 0 0 0 0 2 0 0 2 0 0 0 0 0 2 0 0 2 0 0 0 0 0 2 0 0 2 0 0 0 0 0 2 0 0 2 0 0 0 0 0 2 0
0 2 0 0 2 0 0 2 0 0 2 0 0 2 0 0 2 0 0 2 0 0 2 0 0 2 0 0 2 0 0 2 0 0 2 0 0 2 0 0 2 0 0 2 0
0 2 2 2 2 2 2 2 2 2 2 2 2 2 2 2 2 2 2 2 2 2 2 2 2 2 2 2 2 2 2 2 2 2 2 2 2 2 2 2 2 2 2 2 2
0 2 0 0 2 0 0 0 0 0 2 0 0 2 0 0 0 0 0 2 0 0 2 0 0 0 0 0 2 0 0 2 0 0 0 0 0 2 0 0 2 0 0 0 0
0 2 0 0 2 0 0 0 0 0 2 0 0 2 0 0 0 0 0 2 0 0 2 0 0 0 0 0 2 0 0 2 0 0 0 0 0 2 0 0 2 0 0 0 0
0 2 0 0 2 0 0 0 0 0 2 0 0 2 0 0 0 0 0 2 0 0 2 0 0 0 0 0 2 0 0 2 0 0 0 0 0 2 0 0 2 0 0 0 0
0 2 0 0 2 0 0 0 0 0 2 0 0 2 0 0 0 0 0 2 0 0 2 0 0 0 0 0 2 0 0 2 0 0 0 0 0 2 0 0 2 0 0 0 0
0 2 0 0 2 0 0 0 0 0 2 0 0 2 0 0 0 0 0 2 0 0 2 0 0 0 0 0 2 0 0 2 0 0 0 0 0 2 0 0 2 0 0 0 0
0 2 0 0 2 0 0 0 0 0 2 0 0 2 0 0 0 0 0 2 0 0 2 0 0 0 0 0 2 0 0 2 0 0 0 0 0 2 0 0 2 0 0 0 0
0 0 0 0 2 0 0 0 0 0 0 0 0 2 0 0 0 0 0 0 0 0 2 0 0 0 0 0 0 0 0 2 0 0 0 0 0 0 0 0 2 0 0 0 0
0 2 2 2 2 2 2 2 0 0 2 2 2 2 2 2 2 0 0 2 2 2 2 2 2 2 0 0 2 2 2 2 2 2 2 0 0 2 2 2 2 2 2 2 0
0 2 0 0 2 0 0 2 0 0 2 0 0 2 0 0 2 0 0 2 0 0 2 0 0 2 0 0 2 0 0 2 0 0 2 0 0 2 0 0 2 0 0 2 0
0 2 0 2 2 2 0 2 0 0 2 0 2 2 2 0 2 0 0 2 0 2 2 2 0 2 0 0 2 0 2 2 2 0 2 0 0 2 0 2 2 2 0 2 0
0 2 0 2 2 2 0 2 0 0 2 0 2 2 2 0 2 0 0 2 0 2 2 2 0 2 0 0 2 0 2 2 2 0 2 0 0 2 0 2 2 2 0 2 0
0 2 0 0 0 0 0 2 0 0 2 0 0 0 0 0 2 0 0 2 0 0 0 0 0 2 0 0 2 0 0 0 0 0 2 0 0 2 0 0 0 0 0 2 0
0 2 2 2 2 2 2 2 0 0 2 2 2 2 2 2 2 0 0 2 2 2 2 2 2 2 0 0 2 2 2 2 2 2 2 0 0 2 2 2 2 2 2 2 0
0 0 0 0 0 0 0 0 0 0 0 0 0 0 0 0 0 0 0 0 0 0 0 0 0 0 0 0 0 0 0 0 0 0 0 0 0 0 0 0 0 0 0 0 0
0 0 0 0 0 0 0 0 0 0 0 0 0 0 0 0 0 0 0 0 0 0 0 0 0 0 0 0 0 0 0 0 0 0 0 0 0 0 0 0 0 0 0 0 0


Exploration result with generator call limit
agent_path:
[(25, 4), (25, 5), (25, 5), (24, 5), (24, 4), (23, 4), (22, 4), (22, 4), (22, 4), (22, 3), (22, 2), (22, 1), (22, 2), (22, 3), (22, 4), (22, 5), (22, 6), (22, 7), (23, 7), (24, 7), (25, 7), (26, 7), (27, 7), (27, 7), (27, 7), (27, 7), (27, 7), (26, 7), (25, 7), (24, 7), (23, 7), (22, 7), (22, 6), (22, 5), (22, 4), (23, 4), (24, 4), (24, 4), (23, 4), (22, 4), (22, 4), (21, 4), (20, 4), (20, 4), (19, 4), (18, 4), (17, 4), (17, 4), (16, 4), (15, 4), (15, 4), (14, 4), (13, 4), (14, 4), (14, 5), (14, 6), (14, 7), (13, 7), (12, 7), (11, 7), (10, 7), (9, 7), (8, 7), (7, 7), (6, 7), (6, 7), (6, 6), (6, 7), (5, 7), (4, 7), (3, 7), (2, 7), (1, 7), (1, 6), (1, 5), (1, 4), (2, 4), (3, 4), (2, 4), (1, 4), (1, 3), (1, 2), (1, 1), (1, 1), (1, 1), (2, 1), (3, 1), (4, 1), (5, 1), (6, 1), (6, 2), (6, 3), (6, 4), (6, 5), (6, 6), (6, 7), (6, 7), (7, 7), (7, 7), (7, 7), (7, 7), (7, 7), (7, 7), (7, 7), (7, 7), (8, 7), (9, 7), (8, 7), (7, 7), (8, 7), (7, 7), (8, 7), (8, 7), (9, 7), (10, 7), (11, 7), (12, 7), (12, 7), (13, 7), (13, 7), (14, 7), (14, 8), (14, 9), (14, 10), (14, 11), (14, 12), (14, 13), (15, 13), (16, 13), (17, 13), (18, 13), (19, 13), (20, 13), (21, 13), (22, 13), (22, 13), (22, 13), (22, 12), (22, 11), (22, 10), (22, 11), (22, 12), (22, 13), (22, 14), (22, 15), (22, 16), (23, 16), (24, 16), (25, 16), (26, 16), (27, 16), (27, 16), (27, 16), (27, 16), (27, 16), (26, 16), (25, 16), (24, 16), (23, 16), (22, 16), (22, 15), (22, 14), (22, 13), (23, 13), (24, 13), (24, 13), (23, 13), (22, 13), (22, 13), (23, 13), (22, 13), (21, 13), (20, 13), (19, 13), (18, 13), (18, 13), (18, 13), (17, 13), (16, 13), (15, 13), (14, 13), (14, 14), (14, 15), (14, 16), (13, 16), (13, 16), (12, 16), (11, 16), (10, 16), (9, 16), (8, 16), (7, 16), (6, 16), (6, 16), (6, 15), (6, 16), (5, 16), (4, 16), (3, 16), (2, 16), (1, 16), (1, 15), (1, 14), (1, 13), (2, 13), (3, 13), (2, 13), (1, 13), (1, 12), (1, 11), (1, 10), (1, 10), (1, 10), (1, 10), (1, 11), (1, 12), (1, 13), (1, 14), (1, 15), (1, 16), (2, 16), (3, 16), (4, 16), (5, 16), (6, 16), (6, 16), (6, 16), (7, 16), (7, 16), (8, 16), (9, 16), (9, 16), (9, 16), (9, 16), (9, 16), (10, 16), (11, 16), (12, 16), (11, 16), (11, 16), (12, 16), (13, 16), (14, 16), (14, 16), (14, 16), (14, 17), (14, 17), (14, 18), (14, 19), (14, 20), (14, 21), (14, 22), (15, 22), (16, 22), (17, 22), (18, 22), (19, 22), (20, 22), (21, 22), (22, 22), (22, 22), (22, 22), (22, 21), (22, 20), (22, 19), (22, 20), (22, 21), (22, 22), (22, 23), (22, 24), (22, 25), (23, 25), (24, 25), (25, 25), (26, 25), (27, 25), (27, 25), (27, 25), (27, 25), (27, 25), (26, 25), (25, 25), (24, 25), (23, 25), (22, 25), (22, 24), (22, 23), (22, 22), (23, 22), (24, 22), (24, 22), (23, 22), (22, 22), (22, 22), (22, 21), (22, 22), (22, 21), (22, 21), (22, 22), (21, 22), (21, 22), (21, 22), (20, 22), (19, 22), (18, 22), (17, 22), (17, 22), (16, 22), (15, 22), (14, 22), (14, 23), (14, 24), (14, 25), (13, 25), (12, 25), (11, 25), (10, 25), (9, 25), (8, 25), (7, 25), (6, 25), (6, 25), (6, 24), (6, 25), (5, 25), (4, 25), (3, 25), (2, 25), (1, 25), (1, 24), (1, 23), (1, 22), (2, 22), (3, 22), (2, 22), (1, 22), (1, 21), (1, 20), (1, 19), (1, 19), (1, 19), (2, 19), (2, 19), (1, 19), (1, 20), (1, 21), (1, 21), (1, 22), (1, 23), (1, 24), (1, 25), (2, 25), (3, 25), (4, 25), (5, 25), (6, 25), (6, 25), (5, 25), (5, 25), (6, 25), (7, 25), (7, 25), (7, 25), (8, 25), (9, 25), (8, 25), (9, 25), (10, 25), (11, 25), (11, 25), (11, 25), (11, 25), (12, 25), (13, 25), (13, 25), (14, 25), (14, 26), (14, 27), (14, 28), (14, 29), (14, 30), (14, 31), (15, 31), (16, 31), (17, 31), (18, 31), (19, 31), (20, 31), (21, 31), (22, 31), (22, 31), (22, 31), (22, 30), (22, 29), (22, 28), (22, 29), (22, 30), (22, 31), (22, 32), (22, 33), (22, 34), (23, 34), (24, 34), (25, 34), (26, 34), (27, 34), (27, 34), (27, 34), (27, 34), (27, 34), (26, 34), (25, 34), (24, 34), (23, 34), (22, 34), (22, 33), (22, 32), (22, 31), (23, 31), (24, 31), (24, 31), (23, 31), (22, 31), (22, 31), (21, 31), (20, 31), (20, 31), (19, 31), (19, 31), (18, 31), (17, 31), (16, 31), (15, 31), (14, 31), (14, 32), (14, 33), (14, 34), (13, 34), (12, 34), (11, 34), (10, 34), (9, 34), (8, 34), (7, 34), (6, 34), (6, 34), (6, 33), (6, 34), (5, 34), (4, 34), (3, 34), (2, 34), (1, 34), (1, 33), (1, 32), (1, 31), (2, 31), (3, 31), (2, 31), (1, 31), (1, 30), (1, 29), (1, 28), (1, 28), (1, 28), (1, 29), (1, 29), (1, 30), (1, 31), (1, 31), (1, 32), (1, 33), (1, 34), (2, 34), (3, 34), (4, 34), (5, 34), (6, 34), (6, 34), (7, 34), (8, 34), (9, 34), (10, 34), (11, 34), (12, 34), (12, 34), (12, 34), (13, 34), (13, 34), (13, 34), (14, 34), (14, 35), (14, 36), (14, 37), (14, 38), (14, 39), (14, 40), (15, 40), (16, 40), (17, 40), (18, 40), (19, 40), (20, 40), (21, 40), (22, 40), (22, 40), (22, 40), (22, 39), (22, 38), (22, 37), (22, 38), (22, 39), (22, 40), (22, 41), (22, 42), (22, 43), (23, 43), (24, 43), (25, 43), (26, 43), (27, 43), (27, 43), (27, 43), (27, 43), (27, 43), (26, 43), (25, 43), (24, 43), (23, 43), (22, 43), (22, 42), (22, 41), (22, 40), (23, 40), (24, 40), (24, 40), (23, 40), (22, 40), (22, 40), (21, 40), (20, 40), (20, 40), (19, 40), (19, 40), (18, 40), (17, 40), (16, 40), (15, 40), (14, 40), (14, 41), (14, 42), (14, 43), (13, 43), (12, 43), (11, 43), (10, 43), (9, 43), (8, 43), (7, 43), (6, 43), (6, 43), (6, 42), (6, 43), (5, 43), (4, 43), (3, 43), (2, 43), (1, 43), (1, 42), (1, 41), (1, 40), (2, 40), (3, 40), (2, 40), (1, 40), (1, 39), (1, 38), (1, 37), (1, 37), (1, 38), (1, 39), (1, 40), (1, 41), (1, 42), (1, 43), (2, 43), (3, 43), (4, 43), (5, 43), (6, 43)]

checkpoints:
[7, 37, 40, 65, 83, 96, 135, 165, 168, 193, 211, 225, 260, 290, 293, 321, 339, 356, 390, 420, 423, 445, 463, 478, 505, 535, 538, 560, 578, 590]

escape_rollout_checkpoints:
[25525, 269735, 295324, 562530, 587935, 924518, 949956, 1240631, 1266026, 1487241]

pomcp_rollout_checkpoints:
[777180, 1191061, 1191061, 1191061, 1191061, 1191061, 1191061, 1191061, 1191061, 1191061]

bridge_rollout_checkpoints:
[556103, 8496032, 22623059, 30500593, 42770971, 52126456, 64049039, 70853883, 79614973, 86295690]

bridge_time_checkpoints:
[28.02365803718567, 473.9394371509552, 790.6813209056854, 451.0310196876526, 697.250650882721, 490.057847738266, 657.7123861312866, 384.1506631374359, 517.9271280765533, 374.30708408355713]

fragment_time_checkpoints:
[7.171690940856934, 3.8716490268707275, 5.7220458984375e-05, 3.218650817871094e-05, 7.796287536621094e-05, 3.0994415283203125e-05, 5.412101745605469e-05, 3.5762786865234375e-05, 7.677078247070312e-05, 2.9325485229492188e-05]

escape_time_checkpoints:
[0.03356528282165527, 0.4951212406158447, 0.03409099578857422, 0.3324861526489258, 0.21068406105041504, 0.605963945388794, 0.033056020736694336, 0.5572960376739502, 0.03286385536193848, 0.49936628341674805]

observed amount:
[0.04904051172707889, 0.08102345415778252, 0.08102345415778252, 0.21321961620469082, 0.24946695095948826, 0.24946695095948826, 0.31343283582089554, 0.35394456289978676, 0.35394456289978676, 0.39445628997867804, 0.43070362473347545, 0.43070362473347545, 0.4946695095948827, 0.535181236673774, 0.535181236673774, 0.5756929637526652, 0.6119402985074627, 0.6119402985074627, 0.67590618336887, 0.7164179104477612, 0.7164179104477612, 0.7569296375266524, 0.7931769722814499, 0.7931769722814499, 0.8571428571428571, 0.8976545842217484, 0.8976545842217484, 0.9381663113006397, 0.9744136460554371, 0.9744136460554371]

time_arr = [35.22891426086426, 513.535121679306, 1304.250590801239, 1755.6141288280487, 2453.0755417346954, 2943.7393844127655, 3601.4848806858063, 3986.192875623703, 4504.152944326401, 4878.95942401886]
roll_arr = [1358808, 9956828, 24109444, 32254184, 44549967, 54242035, 66190056, 73285575, 82072060, 88973992]
