0 0 2 2 2 2 2 2 2 0 0 0 0 0 0 2 2 2 2 2 2 2 0 0 0 0 0 0 0
0 0 2 0 0 2 0 2 2 0 0 0 0 0 0 2 0 0 2 0 2 2 0 0 0 0 0 0 0
0 0 2 0 0 2 0 2 2 0 0 0 0 0 0 2 0 0 2 0 2 2 2 2 2 2 2 2 0
0 0 2 2 2 2 0 2 2 0 0 0 0 0 0 3 2 2 2 0 2 2 2 0 2 0 0 2 0
0 2 2 2 2 2 2 2 2 2 2 2 0 0 0 0 0 0 0 0 0 2 2 0 2 0 0 2 0
0 2 0 0 0 0 0 0 0 0 2 2 2 2 2 2 2 2 2 0 0 2 2 0 2 2 2 2 0
0 2 2 2 2 2 2 2 0 0 0 0 2 2 2 2 2 2 2 2 2 2 2 0 0 0 0 0 0
0 2 2 0 2 0 0 2 0 0 0 0 2 0 0 0 2 0 0 2 0 2 2 0 0 0 0 0 0
0 2 2 0 2 0 0 2 0 0 0 0 2 0 0 0 2 0 0 2 0 2 2 0 0 0 0 0 0
0 2 2 0 2 2 2 2 0 0 0 0 2 0 0 0 2 2 2 2 0 2 2 0 0 0 0 0 0
0 2 0 0 0 0 0 0 0 0 0 0 2 0 0 0 0 2 2 0 0 0 0 0 0 0 0 0 0
0 2 2 0 2 2 2 2 0 0 0 0 2 0 0 0 2 2 2 2 0 2 2 0 0 0 0 0 0
0 2 2 0 2 0 0 2 0 0 0 0 2 0 0 0 2 0 0 2 0 2 2 0 0 0 0 0 0
0 2 2 0 2 0 0 2 0 0 0 0 2 0 0 0 2 0 0 2 0 2 2 0 0 0 0 0 0
0 2 2 2 2 2 2 2 0 0 0 0 2 2 2 2 2 2 2 2 2 2 2 0 0 0 0 0 0


2 2 2 2 2 2 2
2 0 0 2 0 2 2
2 0 0 2 0 2 2
2 2 2 2 0 2 2


total # steps taken after each fragment
[9, 35, 56, 81, 95, 121, 141]

total # calls to generator executed after each fragment
[126150, 337918, 473943, 644405, 829746, 829746, 997821]

total time taken to explore each fragment
[2.0496838092803955, 5.522618770599365, 7.569572687149048, 10.411066770553589, 13.490870952606201, 13.491616010665894, 16.445880651474]

% of rooms explored after each fragment
[0.11413043478260869, 0.24456521739130435, 0.41304347826086957, 0.6956521739130435, 0.8369565217391305, 0.9293478260869565, 1.0]

0 0 2 2 2 2 2 2 2 0 0 0 0 0 0 2 2 2 2 2 2 2 0 0 0 0 0 0 0
0 0 2 0 0 2 0 2 2 0 0 0 0 0 0 2 0 0 2 0 2 2 0 0 0 0 0 0 0
0 0 2 0 0 2 0 2 2 0 0 0 0 0 0 2 0 0 2 0 2 2 2 2 2 2 2 2 0
0 0 2 2 2 2 0 2 2 0 0 0 0 0 0 3 2 2 2 0 2 2 2 0 2 0 0 2 0
0 2 2 2 2 2 2 2 2 2 2 2 0 0 0 0 0 0 0 0 0 2 2 0 2 0 0 2 0
0 2 0 0 0 0 0 0 0 0 2 2 2 2 2 2 2 2 2 0 0 2 2 0 2 2 2 2 0
0 2 2 2 2 2 2 2 0 0 0 0 2 2 2 2 2 2 2 2 2 2 2 0 0 0 0 0 0
0 2 2 0 2 0 0 2 0 0 0 0 2 0 0 0 2 0 0 2 0 2 2 0 0 0 0 0 0
0 2 2 0 2 0 0 2 0 0 0 0 2 0 0 0 2 0 0 2 0 2 2 0 0 0 0 0 0
0 2 2 0 2 2 2 2 0 0 0 0 2 0 0 0 2 2 2 2 0 2 2 0 0 0 0 0 0
0 2 0 0 0 0 0 0 0 0 0 0 2 0 0 0 0 2 2 0 0 0 0 0 0 0 0 0 0
0 2 2 0 2 2 2 2 0 0 0 0 2 0 0 0 2 2 2 2 0 2 2 0 0 0 0 0 0
0 2 2 0 2 0 0 2 0 0 0 0 2 0 0 0 2 0 0 2 0 2 2 0 0 0 0 0 0
0 2 2 0 2 0 0 2 0 0 0 0 2 0 0 0 2 0 0 2 0 2 2 0 0 0 0 0 0
0 2 2 2 2 2 2 2 0 0 0 0 2 2 2 2 2 2 2 2 2 2 2 0 0 0 0 0 0


2 2 2 2 2 2 2
2 0 0 2 0 2 2
2 0 0 2 0 2 2
2 2 2 2 0 2 2


total # steps taken after each fragment
[9, 35, 56, 81, 95, 121, 141]

total # calls to generator executed after each fragment
[122980, 336347, 472646, 644008, 831102, 831102, 998570]

total time taken to explore each fragment
[2.034018039703369, 5.712777853012085, 7.844939947128296, 10.8680739402771, 13.951469898223877, 13.95223093032837, 17.101391077041626]

% of rooms explored after each fragment
[0.11413043478260869, 0.24456521739130435, 0.41304347826086957, 0.6956521739130435, 0.8369565217391305, 0.9293478260869565, 1.0]

0 0 2 2 2 2 2 2 2 0 0 0 0 0 0 2 2 2 2 2 2 2 0 0 0 0 0 0 0
0 0 2 0 0 2 0 2 2 0 0 0 0 0 0 2 0 0 2 0 2 2 0 0 0 0 0 0 0
0 0 2 0 0 2 0 2 2 0 0 0 0 0 0 2 0 0 2 0 2 2 2 2 2 2 2 2 0
0 0 2 2 2 2 0 2 2 0 0 0 0 0 0 2 2 2 2 0 3 2 2 0 2 0 0 2 0
0 2 2 2 2 2 2 2 2 2 2 2 0 0 0 0 0 0 0 0 0 2 2 0 2 0 0 2 0
0 2 0 0 0 0 0 0 0 0 2 2 2 2 2 2 2 2 2 0 0 2 2 0 2 2 2 2 0
0 2 2 2 2 2 2 2 0 0 0 0 2 2 2 2 2 2 2 2 2 2 2 0 0 0 0 0 0
0 2 2 0 2 0 0 2 0 0 0 0 2 0 0 0 2 0 0 2 0 2 2 0 0 0 0 0 0
0 2 2 0 2 0 0 2 0 0 0 0 2 0 0 0 2 0 0 2 0 2 2 0 0 0 0 0 0
0 2 2 0 2 2 2 2 0 0 0 0 2 0 0 0 2 2 2 2 0 2 2 0 0 0 0 0 0
0 2 0 0 0 0 0 0 0 0 0 0 2 0 0 0 0 2 2 0 0 0 0 0 0 0 0 0 0
0 2 2 0 2 2 2 2 0 0 0 0 2 0 0 0 2 2 2 2 0 2 2 0 0 0 0 0 0
0 2 2 0 2 0 0 2 0 0 0 0 2 0 0 0 2 0 0 2 0 2 2 0 0 0 0 0 0
0 2 2 0 2 0 0 2 0 0 0 0 2 0 0 0 2 0 0 2 0 2 2 0 0 0 0 0 0
0 2 2 2 2 2 2 2 0 0 0 0 2 2 2 2 2 2 2 2 2 2 2 0 0 0 0 0 0


2 2 2 2 2 2 2
2 0 0 2 0 2 2
2 0 0 2 0 2 2
2 2 2 2 0 2 2


total # steps taken after each fragment
[6, 15, 22, 39, 45, 55, 58]

total # calls to generator executed after each fragment
[10992, 10992, 10992, 10992, 10992, 10992, 10992]

total time taken to explore each fragment
[0.19084692001342773, 0.19146275520324707, 0.19181585311889648, 0.19232797622680664, 0.19268798828125, 0.19302988052368164, 0.19334077835083008]

% of rooms explored after each fragment
[0.08695652173913043, 0.14673913043478262, 0.266304347826087, 0.4945652173913043, 0.5434782608695652, 0.6413043478260869, 0.6902173913043478]

