

0 0 0 0 0 0 0 0 0 0 0 0 0 0 0 0 0 0 0 0 0 0 0 0 0 0 0 0 0 0 0 0 0 0 0 0 0 0 0 0 0 0 0 0 0 0 0 0 0 0 0 0 0 0 0 0 0 0 0
0 0 0 0 0 2 2 2 2 2 2 2 0 0 0 0 0 0 0 0 2 2 2 2 2 2 2 0 0 0 0 0 2 2 2 2 2 2 2 0 0 0 0 0 0 0 0 2 2 2 2 2 2 2 0 0 0 0 0
0 0 0 0 0 2 2 0 2 2 2 2 0 0 0 0 0 0 0 0 2 2 2 2 0 2 2 0 0 0 0 0 2 2 0 2 2 2 2 0 0 0 0 0 0 0 0 2 2 2 2 0 2 2 0 0 0 0 0
0 0 0 0 0 2 0 0 2 2 2 2 0 0 0 0 0 0 0 0 2 2 2 2 0 0 2 2 2 2 2 2 2 0 0 2 2 2 2 0 0 0 0 0 0 0 0 2 2 2 2 0 0 2 0 0 0 0 0
0 0 0 0 0 2 2 2 2 2 2 2 0 0 0 0 0 0 0 0 2 2 2 2 2 2 2 0 0 2 0 0 2 2 2 2 2 2 2 0 0 0 0 0 0 0 0 2 2 2 2 2 2 2 0 0 0 0 0
0 0 0 0 0 0 0 0 2 2 2 2 2 2 2 0 0 2 2 2 2 2 2 2 0 0 0 2 2 2 0 0 0 0 0 2 2 2 2 2 2 2 0 0 2 2 2 2 2 2 2 0 0 0 0 0 0 0 0
0 0 0 0 0 0 0 0 0 2 2 0 0 2 2 0 0 2 2 0 0 2 2 0 0 0 0 0 0 2 0 0 0 0 0 0 2 2 0 0 2 2 0 0 2 2 0 0 2 2 0 0 0 0 0 0 0 0 0
0 0 0 0 0 0 0 0 0 0 2 2 2 2 2 0 0 2 2 2 2 2 0 0 0 0 0 2 2 2 0 0 0 0 0 0 0 2 2 2 2 2 0 0 2 2 2 2 2 0 0 0 0 0 0 0 0 0 0
0 0 0 0 0 0 0 0 0 0 0 2 2 2 2 0 0 2 2 2 2 0 0 0 0 0 0 0 0 2 0 0 0 0 0 0 0 0 2 2 2 2 0 0 2 2 2 2 0 0 0 0 0 0 0 0 0 0 0
0 0 0 0 0 0 0 0 0 0 0 0 2 2 2 0 0 2 2 2 0 2 0 2 0 2 0 2 2 2 2 2 0 2 0 2 0 0 0 2 2 2 0 0 2 2 2 0 0 0 0 0 0 0 0 0 0 0 0
0 0 0 0 0 0 0 0 0 0 0 0 0 2 2 0 0 2 2 0 0 2 0 2 0 2 0 2 2 2 2 2 0 2 0 2 0 2 0 0 2 2 0 0 2 2 0 0 0 0 0 0 0 0 0 0 0 0 0
0 0 0 0 0 0 0 0 0 0 0 0 0 2 2 2 2 2 2 2 2 2 2 2 2 2 2 2 2 2 2 2 2 2 2 2 2 2 2 2 2 2 2 2 2 2 0 0 0 0 0 0 0 0 0 0 0 0 0
0 0 0 0 0 0 0 0 0 0 0 0 0 2 2 0 0 2 2 0 0 0 0 0 0 0 0 2 2 2 2 2 0 0 0 0 0 0 0 0 2 2 0 0 2 2 0 0 0 0 0 0 0 0 0 0 0 0 0
0 0 0 0 0 0 0 0 0 0 0 0 2 2 2 0 0 2 2 2 0 0 0 0 0 0 0 2 2 2 2 2 0 0 0 0 0 0 0 2 2 2 0 0 2 2 2 0 0 0 0 0 0 0 0 0 0 0 0
0 0 0 0 0 0 0 0 0 0 0 2 2 2 2 0 0 2 2 2 2 0 0 0 0 0 0 0 0 2 0 0 0 0 0 0 0 0 2 2 2 2 0 0 2 2 2 2 0 0 0 0 0 0 0 0 0 0 0
0 0 0 0 0 0 0 0 0 0 2 2 2 2 2 0 0 2 2 2 2 2 0 0 0 0 0 2 2 2 0 0 0 0 0 0 0 2 2 2 2 2 0 0 2 2 2 2 2 0 0 0 0 0 0 0 0 0 0
0 0 0 0 0 0 0 0 0 2 2 0 0 2 2 0 0 2 2 0 0 2 2 0 0 0 0 0 0 2 0 0 0 0 0 0 2 2 0 0 2 2 0 0 2 2 0 0 2 2 0 0 0 0 0 0 0 0 0
0 0 0 0 0 0 0 0 2 2 2 2 2 2 2 0 0 2 2 2 2 2 2 2 0 0 0 2 2 2 0 0 0 0 0 2 2 2 2 2 2 2 0 0 2 2 2 2 2 2 2 0 0 0 0 0 0 0 0
0 0 0 0 0 2 2 2 2 2 2 2 0 0 0 0 0 0 0 0 2 2 2 2 2 2 2 0 0 2 0 0 2 2 2 2 2 2 2 0 0 0 0 0 0 0 0 2 2 2 2 2 2 2 0 0 0 0 0
0 0 0 0 0 2 0 0 2 2 2 2 0 0 0 0 0 0 0 0 2 2 2 2 0 0 2 2 2 2 2 2 2 0 0 2 2 2 2 0 0 0 0 0 0 0 0 2 2 2 2 0 0 2 0 0 0 0 0
0 0 0 0 0 2 2 0 2 2 2 2 0 0 0 0 0 0 0 0 2 2 2 2 0 2 2 0 0 0 0 0 2 2 0 2 2 2 2 0 0 0 0 0 0 0 0 2 2 2 2 0 2 2 0 0 0 0 0
0 0 0 0 0 3 2 2 2 2 2 2 0 0 0 0 0 0 0 0 2 2 2 2 2 2 2 0 0 0 0 0 2 2 2 2 2 2 2 0 0 0 0 0 0 0 0 2 2 2 2 2 2 2 0 0 0 0 0
0 0 0 0 0 0 0 0 0 0 0 0 0 0 0 0 0 0 0 0 0 0 0 0 0 0 0 0 0 0 0 0 0 0 0 0 0 0 0 0 0 0 0 0 0 0 0 0 0 0 0 0 0 0 0 0 0 0 0


2 2 2 2 2 2 2 0 0 0
2 2 0 2 2 2 2 0 0 0
2 0 0 2 2 2 2 0 0 0
2 2 2 2 2 2 2 0 0 0
0 0 0 2 2 2 2 2 2 2
0 0 0 0 2 2 0 0 2 2
0 0 0 0 0 2 2 2 2 2
0 0 0 0 0 0 2 2 2 2
0 0 0 0 0 0 0 2 2 2
0 0 0 0 0 0 0 0 2 2


total # steps taken after each fragment
[56, 82, 106, 128, 169, 205, 273, 309]

total # calls to generator executed after each fragment
[2805000, 3360500, 3908037, 3908037, 4507388, 4507388, 4507388, 4507388]

total time taken to explore each fragment
[8.362518072128296, 27.65296220779419, 45.87947392463684, 45.88216304779053, 66.93145394325256, 66.93341588973999, 66.93567705154419, 66.93726897239685]

% of rooms explored after each fragment
[0.13617886178861788, 0.2703252032520325, 0.40447154471544716, 0.4817073170731707, 0.6178861788617886, 0.6951219512195121, 0.8313008130081301, 0.9085365853658537]

